0 61.334
1 62.460
2 63.633
3 64.853
4 66.121
5 67.437
6 68.806
7 70.225
8 71.695
9 73.213
10 74.776
11 76.385
12 78.036
13 79.725
14 81.449
15 83.204
16 84.987
17 86.791
18 88.613
19 90.443
20 92.284
21 94.121
22 95.952
23 97.770
24 99.569
25 101.346
26 103.095
27 104.815
28 106.505
29 108.164
30 109.796
31 111.406
32 112.983
33 114.566
34 116.142
35 117.722
36 119.312
37 120.914
38 122.547
39 124.143
40 125.764
41 127.393
42 129.029
43 130.670
44 132.318
45 133.971
46 135.632
47 137.297
48 138.992
49 140.649
50 142.335
51 144.027
52 145.725
53 147.430
54 149.142
55 150.860
56 152.603
57 154.316
58 156.055
59 157.799
60 159.551
61 161.308
62 163.074
63 164.845
64 166.624
65 168.408
66 170.200
67 172.021
68 173.803
69 175.614
70 177.433
71 179.257
72 181.089
73 182.927
74 184.773
75 186.624
76 188.502
77 190.347
78 192.218
79 194.097
80 195.981
81 197.872
82 199.770
83 201.675
84 203.586
85 205.524
86 207.426
87 209.357
88 211.294
89 213.237
90 215.186
91 217.143
92 219.105
93 221.073
94 223.068
95 225.029
96 227.017
97 229.010
98 231.010
99 233.017
100 235.029
101 237.047
102 239.072
103 241.125
104 243.139
105 245.181
106 247.229
107 249.284
108 251.344
109 253.411
110 255.483
111 257.560
112 259.645
113 261.755
114 263.829
115 265.930
116 268.036
117 270.149
118 272.266
119 274.390
120 276.519
121 278.653
122 280.792
123 282.963
124 285.088
125 287.244
126 289.405
127 291.571
128 293.743
129 295.919
130 298.101
131 300.288
132 302.481
133 304.704
134 306.879
135 309.086
136 311.298
137 313.515
138 315.736
139 317.962
140 320.193
141 322.430
142 324.669
143 326.914
144 329.192
145 331.418
146 333.677
147 335.940
148 338.208
149 340.479
150 342.756
151 345.036
152 347.321
153 349.609
154 351.902
155 354.229
156 356.501
157 358.806
158 361.115
159 363.428
160 365.746
161 368.066
162 370.391
163 372.719
164 375.051
165 377.388
166 379.758
167 382.070
168 384.417
169 386.767
170 389.121
171 391.478
172 393.838
173 396.202
174 398.569
175 400.940
176 403.313
177 405.717
178 408.070
179 410.452
180 412.838
181 415.227
182 417.619
183 420.014
184 422.411
185 424.811
186 427.215
187 429.621
188 432.063
189 434.440
190 436.854
191 439.270
192 441.689
193 444.111
194 446.534
195 448.960
196 451.389
197 453.820
198 456.253
199 458.688
200 461.156
201 463.565
202 466.007
203 468.451
204 470.897
205 473.344
206 475.794
207 478.245
208 480.699
209 483.154
210 485.611
211 488.069
212 490.567
213 492.991
214 495.455
215 497.920
216 500.387
217 502.855
218 505.325
219 507.795
220 510.268
221 512.741
222 515.216
223 517.693
224 520.208
225 522.648
226 525.128
227 527.608
228 530.090
229 532.573
230 535.057
231 537.541
232 540.027
233 542.513
234 545.001
235 547.489
236 550.011
237 552.467
238 554.957
239 557.449
240 559.940
241 562.431
242 564.925
243 567.418
244 569.911
245 572.405
246 574.899
247 577.394
248 579.924
249 582.385
250 584.880
251 587.377
252 589.873
253 592.369
254 594.866
255 597.362
256 599.859
257 602.355
258 604.852
259 607.349
260 609.881
261 612.342
262 614.838
263 617.334
264 619.831
265 622.327
266 624.822
267 627.318
268 629.813
269 632.308
270 634.802
271 637.296
272 639.820
273 642.283
274 644.775
275 647.267
276 649.759
277 652.250
278 654.740
279 657.230
280 659.720
281 662.208
282 664.696
283 667.183
284 669.707
285 672.155
286 674.641
287 677.124
288 679.608
289 682.090
290 684.572
291 687.052
292 689.532
293 692.011
294 694.488
295 696.965
296 699.473
297 701.915
298 704.389
299 706.861
300 709.333
301 711.803
302 714.272
303 716.739
304 719.206
305 721.671
306 724.136
307 726.598
308 729.093
309 731.520
310 733.979
311 736.437
312 738.893
313 741.347
314 743.801
315 746.253
316 748.703
317 751.152
318 753.600
319 756.046
320 758.490
321 760.967
322 763.374
323 765.814
324 768.252
325 770.689
326 773.124
327 775.557
328 777.988
329 780.419
330 782.847
331 785.273
332 787.698
333 790.121
334 792.577
335 794.962
336 797.380
337 799.795
338 802.210
339 804.622
340 807.032
341 809.440
342 811.847
343 814.252
344 816.654
345 819.055
346 821.454
347 823.886
348 826.247
349 828.640
350 831.031
351 833.421
