##     Ladder file with recalibration of electron energies
##     Generated by macro LadderNewCal.C, J.R.M. Annand, 11th November 2008
##     Ladder file with recalibration of electron energies
##     Generated by macro LadderNewCal.C, J.R.M. Annand, 11th November 2008
##     Offset-Scalers AcquRoot Detector file
##     Macro ScalerOffset, J.R.M. Annand, 28th March 2007
##     Aligned-TDC AcquRoot Detector file
##     Generated by macro AlignTDC.C, J.R.M. Annand, 28th March 2007
##     Aligned-TDC AcquRoot Detector file
##     Generated by macro AlignTDC.C, J.R.M. Annand, 28th March 2007
##  Auto-Generated Tagger-Ladder Config File
##  ROOT Macro LadderGen.C
##	#FP	Energy?	Time?	Pos?
Size:	352	0	1	1
##
##	Scalers	Calib	Overlap	Micro	#trig	Toff	Tres
Misc:	1	1	1	0	0	0.0	5.0
Window:   46. 56. 60.  80.
Window:   46. 56. 140. 160.
##
## G 0 - 32  Section AB
##
Element: 816 0.2 2.5 0.0 0.00050 1438M0 -100 100 -1511 0.1170 0 0 0 61.334 1.120 24
Element: 800 0.2 2.5 0.0 0.00050 1432M0 -100 100 -1517 0.1170 0 0 0 62.460 1.167 12
Element: 817 0.2 2.5 0.0 0.00050 1454M0 -100 100 -1530 0.1170 0 0 0 63.633 1.214 25
Element: 801 0.2 2.5 0.0 0.00050 1448M0 -100 100 -1534 0.1170 0 0 0 64.853 1.261 13
Element: 818 0.2 2.5 0.0 0.00050 1439M0 -100 100 -1517 0.1170 0 0 0 66.121 1.310 26
Element: 802 0.2 2.5 0.0 0.00050 1433M0 -100 100 -1525 0.1170 0 0 0 67.437 1.361 14
Element: 819 0.2 2.5 0.0 0.00050 1455M0 -100 100 -1528 0.1170 0 0 0 68.806 1.414 27
Element: 803 0.2 2.5 0.0 0.00050 1449M0 -100 100 -1529 0.1170 0 0 0 70.225 1.464 15
Element: 820 0.2 2.5 0.0 0.00050 1440M0 -100 100 -1527 0.1170 0 0 0 71.695 1.515 28
Element: 804 0.2 2.5 0.0 0.00050 1434M0 -100 100 -1527 0.1170 0 0 0 73.213 1.563 16
Element: 821 0.2 2.5 0.0 0.00050 1456M0 -100 100 -1516 0.1170 0 0 0 74.776 1.609 29
Element: 805 0.2 2.5 0.0 0.00050 1450M0 -100 100 -1521 0.1170 0 0 0 76.385 1.651 17
Element: 822 0.2 2.5 0.0 0.00050 1441M0 -100 100 -1528 0.1170 0 0 0 78.036 1.693 30
Element: 806 0.2 2.5 0.0 0.00050 1435M0 -100 100 -1528 0.1170 0 0 0 79.725 1.731 18
Element: 823 0.2 2.5 0.0 0.00050 1457M0 -100 100 -1522 0.1170 0 0 0 81.449 1.765 31
Element: 807 0.2 2.5 0.0 0.00050 1451M0 -100 100 -1522 0.1170 0 0 0 83.204 1.796 19
Element: 824 0.2 2.5 0.0 0.00050 1442M0 -100 100 -1510 0.1170 0 0 0 84.987 1.821 32
Element: 808 0.2 2.5 0.0 0.00050 1436M0 -100 100 -1530 0.1170 0 0 0 86.791 1.840 20
Element: 825 0.2 2.5 0.0 0.00050 1458M0 -100 100 -1533 0.1170 0 0 0 88.613 1.855 33
Element: 809 0.2 2.5 0.0 0.00050 1452M0 -100 100 -1533 0.1170 0 0 0 90.443 1.864 21
Element: 826 0.2 2.5 0.0 0.00050 1443M0 -100 100 -1465 0.1170 0 0 0 92.284 1.865 34
Element: 810 0.2 2.5 0.0 0.00050 1437M0 -100 100 -1520 0.1170 0 0 0 94.121 1.861 22
Element: 827 0.2 2.5 0.0 0.00050 1459M0 -100 100 -1472 0.1170 0 0 0 95.952 1.849 35
Element: 811 0.2 2.5 0.0 0.00050 1453M0 -100 100 -1531 0.1170 0 0 0 97.770 1.833 23
#
Element: 828 0.2 2.5 0.0 0.00050 1444M0 -100 100 -1536 0.1170 0 0 0 99.569 1.812 36
Element: 829 0.2 2.5 0.0 0.00050 1460M0 -100 100 -1518 0.1170 0 0 0 101.346 1.787 37
Element: 830 0.2 2.5 0.0 0.00050 1445M0 -100 100 -1488 0.1170 0 0 0 103.095 1.757 38
Element: 831 0.2 2.5 0.0 0.00050 1461M0 -100 100 -1519 0.1170 0 0 0 104.815 1.729 39
#
Element: 812 0.2 2.5 0.0 0.00050 1446M0 -100 100 -1514 0.1170 0 0 0 106.505 1.699 40
Element: 813 0.2 2.5 0.0 0.00050 1462M0 -100 100 -1517 0.1170 0 0 0 108.164 1.671 41
Element: 814 0.2 2.5 0.0 0.00050 1447M0 -100 100 -1518 0.1170 0 0 0 109.796 1.646 42
Element: 815 0.2 2.5 0.0 0.00050 1463M0 -100 100 -1518 0.1170 0 0 0 111.406 1.623 43
##
## G 32 - 64  Section CD
##
Element: 832 0.2 2.5 0.0 0.00050 1464M0 -100 100 -1536 0.1170 0 0 0 112.983 1.628 44
Element: 833 0.2 2.5 0.0 0.00050 1480M0 -100 100 -1541 0.1170 0 0 0 114.566 1.657 45
Element: 834 0.2 2.5 0.0 0.00050 1465M0 -100 100 -1537 0.1170 0 0 0 116.142 1.680 46
Element: 835 0.2 2.5 0.0 0.00050 1481M0 -100 100 -1538 0.1170 0 0 0 117.722 1.693 47
Element: 836 0.2 2.5 0.0 0.00050 1466M0 -100 100 -1542 0.1170 0 0 0 119.312 1.700 48
Element: 837 0.2 2.5 0.0 0.00050 1482M0 -100 100 -1533 0.1170 0 0 0 120.914 1.711 49
Element: 838 0.2 2.5 0.0 0.00050 1467M0 -100 100 -1531 0.1170 0 0 0 122.547 1.683 50
Element: 839 0.2 2.5 0.0 0.00050 1483M0 -100 100 -1535 0.1170 0 0 0 124.143 1.655 51
Element: 840 0.2 2.5 0.0 0.00050 1468M0 -100 100 -1542 0.1170 0 0 0 125.764 1.669 52
Element: 841 0.2 2.5 0.0 0.00050 1484M0 -100 100 -1539 0.1170 0 0 0 127.393 1.686 53
Element: 842 0.2 2.5 0.0 0.00050 1469M0 -100 100 -1529 0.1170 0 0 0 129.029 1.702 54
Element: 843 0.2 2.5 0.0 0.00050 1485M0 -100 100 -1538 0.1170 0 0 0 130.670 1.719 55
Element: 844 0.2 2.5 0.0 0.00050 1470M0 -100 100 -1529 0.1170 0 0 0 132.318 1.735 56
Element: 845 0.2 2.5 0.0 0.00050 1486M0 -100 100 -1537 0.1170 0 0 0 133.971 1.751 57
Element: 846 0.2 2.5 0.0 0.00050 1471M0 -100 100 -1529 0.1170 0 0 0 135.632 1.767 58
Element: 847 0.2 2.5 0.0 0.00050 1487M0 -100 100 -1539 0.1170 0 0 0 137.297 1.783 59
Element: 848 0.2 2.5 0.0 0.00050 1472M0 -100 100 -1521 0.1170 0 0 0 138.992 1.755 60
Element: 849 0.2 2.5 0.0 0.00050 1488M0 -100 100 -1517 0.1170 0 0 0 140.649 1.727 61
Element: 850 0.2 2.5 0.0 0.00050 1473M0 -100 100 -1525 0.1170 0 0 0 142.335 1.744 62
Element: 851 0.2 2.5 0.0 0.00050 1489M0 -100 100 -1514 0.1170 0 0 0 144.027 1.759 63
Element: 852 0.2 2.5 0.0 0.00050 1474M0 -100 100 -1531 0.1170 0 0 0 145.725 1.776 64
Element: 853 0.2 2.5 0.0 0.00050 1490M0 -100 100 -1515 0.1170 0 0 0 147.430 1.791 65
Element: 854 0.2 2.5 0.0 0.00050 1475M0 -100 100 -1530 0.1170 0 0 0 149.142 1.807 66
Element: 855 0.2 2.5 0.0 0.00050 1491M0 -100 100 -1529 0.1170 0 0 0 150.860 1.823 67
Element: 856 0.2 2.5 0.0 0.00050 1476M0 -100 100 -1532 0.1170 0 0 0 152.603 1.804 68
Element: 857 0.2 2.5 0.0 0.00050 1492M0 -100 100 -1511 0.1170 0 0 0 154.316 1.781 69
Element: 858 0.2 2.5 0.0 0.00050 1477M0 -100 100 -1528 0.1170 0 0 0 156.055 1.797 70
Element: 859 0.2 2.5 0.0 0.00050 1493M0 -100 100 -1516 0.1170 0 0 0 157.799 1.813 71
Element: 860 0.2 2.5 0.0 0.00050 1478M0 -100 100 -1510 0.1170 0 0 0 159.551 1.829 72
Element: 861 0.2 2.5 0.0 0.00050 1494M0 -100 100 -1520 0.1170 0 0 0 161.308 1.845 73
Element: 862 0.2 2.5 0.0 0.00050 1479M0 -100 100 -1531 0.1170 0 0 0 163.074 1.862 74
Element: 863 0.2 2.5 0.0 0.00050 1495M0 -100 100 -1517 0.1170 0 0 0 164.845 1.879 75
##
## G 64 - 96  Section EF
##
Element: 864 0.2 2.5 0.0 0.00050 1496M0 -100 100 -1523 0.1170 0 0 0 166.624 1.895 76
Element: 865 0.2 2.5 0.0 0.00050 1512M0 -100 100 -1520 0.1170 0 0 0 168.408 1.911 77
Element: 866 0.2 2.5 0.0 0.00050 1497M0 -100 100 -1527 0.1170 0 0 0 170.200 1.927 78
Element: 867 0.2 2.5 0.0 0.00050 1513M0 -100 100 -1531 0.1170 0 0 0 172.021 1.898 79
Element: 868 0.2 2.5 0.0 0.00050 1498M0 -100 100 -1515 0.1170 0 0 0 173.803 1.868 80
Element: 869 0.2 2.5 0.0 0.00050 1514M0 -100 100 -1524 0.1170 0 0 0 175.614 1.884 81
Element: 870 0.2 2.5 0.0 0.00050 1499M0 -100 100 -1526 0.1170 0 0 0 177.433 1.900 82
Element: 871 0.2 2.5 0.0 0.00050 1515M0 -100 100 -1528 0.1170 0 0 0 179.257 1.916 83
Element: 872 0.2 2.5 0.0 0.00050 1500M0 -100 100 -1524 0.1170 0 0 0 181.089 1.932 84
Element: 873 0.2 2.5 0.0 0.00050 1516M0 -100 100 -1517 0.1170 0 0 0 182.927 1.949 85
Element: 874 0.2 2.5 0.0 0.00050 1501M0 -100 100 -1514 0.1170 0 0 0 184.773 1.965 86
Element: 875 0.2 2.5 0.0 0.00050 1517M0 -100 100 -1530 0.1170 0 0 0 186.624 1.982 87
Element: 876 0.2 2.5 0.0 0.00050 1502M0 -100 100 -1522 0.1170 0 0 0 188.502 1.959 88
Element: 877 0.2 2.5 0.0 0.00050 1518M0 -100 100 -1525 0.1170 0 0 0 190.347 1.935 89
Element: 878 0.2 2.5 0.0 0.00050 1503M0 -100 100 -1523 0.1170 0 0 0 192.218 1.951 90
Element: 879 0.2 2.5 0.0 0.00050 1519M0 -100 100 -1532 0.1170 0 0 0 194.097 1.967 91
Element: 880 0.2 2.5 0.0 0.00050 1504M0 -100 100 -1510 0.1170 0 0 0 195.981 1.985 92
Element: 881 0.2 2.5 0.0 0.00050 1520M0 -100 100 -1517 0.1170 0 0 0 197.872 1.999 93
Element: 882 0.2 2.5 0.0 0.00050 1505M0 -100 100 -1526 0.1170 0 0 0 199.770 2.016 94
Element: 883 0.2 2.5 0.0 0.00050 1521M0 -100 100 -1517 0.1170 0 0 0 201.675 2.033 95
Element: 884 0.2 2.5 0.0 0.00050 1506M0 -100 100 -1529 0.1170 0 0 0 203.586 2.051 96
Element: 885 0.2 2.5 0.0 0.00050 1522M0 -100 100 -1516 0.1170 0 0 0 205.524 2.025 97
Element: 886 0.2 2.5 0.0 0.00050 1507M0 -100 100 -1513 0.1170 0 0 0 207.426 1.999 98
Element: 887 0.2 2.5 0.0 0.00050 1523M0 -100 100 -1521 0.1170 0 0 0 209.357 2.015 99
Element: 888 0.2 2.5 0.0 0.00050 1508M0 -100 100 -1531 0.1170 0 0 0 211.294 2.032 100
Element: 889 0.2 2.5 0.0 0.00050 1524M0 -100 100 -1516 0.1170 0 0 0 213.237 2.048 101
Element: 890 0.2 2.5 0.0 0.00050 1509M0 -100 100 -1512 0.1170 0 0 0 215.186 2.064 102
Element: 891 0.2 2.5 0.0 0.00050 1525M0 -100 100 -1512 0.1170 0 0 0 217.143 2.080 103
Element: 892 0.2 2.5 0.0 0.00050 1510M0 -100 100 -1509 0.1170 0 0 0 219.105 2.097 104
Element: 893 0.2 2.5 0.0 0.00050 1526M0 -100 100 -1508 0.1170 0 0 0 221.073 2.114 105
Element: 894 0.2 2.5 0.0 0.00050 1511M0 -100 100 -1507 0.1170 0 0 0 223.068 2.093 106
Element: 895 0.2 2.5 0.0 0.00050 1527M0 -100 100 -1500 0.1170 0 0 0 225.029 2.071 107
##
## G 96 - 128  Section GH
##
Element: 896 0.2 2.5 0.0 0.00050 1528M0 -100 100 -1472 0.1170 0 0 0 227.017 2.088 108
Element: 897 0.2 2.5 0.0 0.00050 1544M0 -100 100 -1513 0.1170 0 0 0 229.010 2.104 109
Element: 898 0.2 2.5 0.0 0.00050 1529M0 -100 100 -1508 0.1170 0 0 0 231.010 2.120 110
Element: 899 0.2 2.5 0.0 0.00050 1545M0 -100 100 -1515 0.1170 0 0 0 233.017 2.136 111
Element: 900 0.2 2.5 0.0 0.00050 1530M0 -100 100 -1503 0.1170 0 0 0 235.029 2.154 112
Element: 901 0.2 2.5 0.0 0.00050 1546M0 -100 100 -1512 0.1170 0 0 0 237.047 2.169 113
Element: 902 0.2 2.5 0.0 0.00050 1531M0 -100 100 -1501 0.1170 0 0 0 239.072 2.186 114
Element: 903 0.2 2.5 0.0 0.00050 1547M0 -100 100 -1507 0.1170 0 0 0 241.125 2.157 115
Element: 904 0.2 2.5 0.0 0.00050 1532M0 -100 100 -1504 0.1170 0 0 0 243.139 2.126 116
Element: 905 0.2 2.5 0.0 0.00050 1548M0 -100 100 -1514 0.1170 0 0 0 245.181 2.144 117
Element: 906 0.2 2.5 0.0 0.00050 1533M0 -100 100 -1507 0.1170 0 0 0 247.229 2.160 118
Element: 907 0.2 2.5 0.0 0.00050 1549M0 -100 100 -1499 0.1170 0 0 0 249.284 2.175 119
Element: 908 0.2 2.5 0.0 0.00050 1534M0 -100 100 -1496 0.1170 0 0 0 251.344 2.192 120
Element: 909 0.2 2.5 0.0 0.00050 1550M0 -100 100 -1504 0.1170 0 0 0 253.411 2.209 121
Element: 910 0.2 2.5 0.0 0.00050 1535M0 -100 100 -1493 0.1170 0 0 0 255.483 2.225 122
Element: 911 0.2 2.5 0.0 0.00050 1551M0 -100 100 -1510 0.1170 0 0 0 257.560 2.241 123
Element: 912 0.2 2.5 0.0 0.00050 1536M0 -100 100 -1507 0.1170 0 0 0 259.645 2.258 124
Element: 913 0.2 2.5 0.0 0.00050 1552M0 -100 100 -1491 0.1170 0 0 0 261.755 2.232 125
Element: 914 0.2 2.5 0.0 0.00050 1537M0 -100 100 -1509 0.1170 0 0 0 263.829 2.207 126
Element: 915 0.2 2.5 0.0 0.00050 1553M0 -100 100 -1491 0.1170 0 0 0 265.930 2.223 127
Element: 916 0.2 2.5 0.0 0.00050 1538M0 -100 100 -1506 0.1170 0 0 0 268.036 2.240 128
Element: 917 0.2 2.5 0.0 0.00050 1554M0 -100 100 -1499 0.1170 0 0 0 270.149 2.256 129
Element: 918 0.2 2.5 0.0 0.00050 1539M0 -100 100 -1499 0.1170 0 0 0 272.266 2.273 130
Element: 919 0.2 2.5 0.0 0.00050 1555M0 -100 100 -1501 0.1170 0 0 0 274.390 2.290 131
Element: 920 0.2 2.5 0.0 0.00050 1540M0 -100 100 -1510 0.1170 0 0 0 276.519 2.306 132
Element: 921 0.2 2.5 0.0 0.00050 1556M0 -100 100 -1494 0.1170 0 0 0 278.653 2.322 133
Element: 922 0.2 2.5 0.0 0.00050 1541M0 -100 100 -1500 0.1170 0 0 0 280.792 2.339 134
Element: 923 0.2 2.5 0.0 0.00050 1557M0 -100 100 -1490 0.1170 0 0 0 282.963 2.304 135
Element: 924 0.2 2.5 0.0 0.00050 1542M0 -100 100 -1496 0.1170 0 0 0 285.088 2.269 136
Element: 925 0.2 2.5 0.0 0.00050 1558M0 -100 100 -1497 0.1170 0 0 0 287.244 2.285 137
Element: 926 0.2 2.5 0.0 0.00050 1543M0 -100 100 -1505 0.1170 0 0 0 289.405 2.301 138
Element: 927 0.2 2.5 0.0 0.00050 1559M0 -100 100 -1496 0.1170 0 0 0 291.571 2.318 139
##
## G 128 - 160  Section IJ
##
Element: 928 0.2 2.5 0.0 0.00050 1560M0 -100 100 -1473 0.1170 0 0 0 293.743 2.334 140
Element: 929 0.2 2.5 0.0 0.00050 1576M0 -100 100 -1483 0.1170 0 0 0 295.919 2.351 141
Element: 930 0.2 2.5 0.0 0.00050 1561M0 -100 100 -1484 0.1170 0 0 0 298.101 2.367 142
Element: 931 0.2 2.5 0.0 0.00050 1577M0 -100 100 -1482 0.1170 0 0 0 300.288 2.383 143
Element: 932 0.2 2.5 0.0 0.00050 1562M0 -100 100 -1489 0.1170 0 0 0 302.481 2.399 144
Element: 933 0.2 2.5 0.0 0.00050 1578M0 -100 100 -1483 0.1170 0 0 0 304.704 2.362 145
Element: 934 0.2 2.5 0.0 0.00050 1563M0 -100 100 -1481 0.1170 0 0 0 306.879 2.324 146
Element: 935 0.2 2.5 0.0 0.00050 1579M0 -100 100 -1483 0.1170 0 0 0 309.086 2.340 147
Element: 936 0.2 2.5 0.0 0.00050 1564M0 -100 100 -1484 0.1170 0 0 0 311.298 2.357 148
Element: 937 0.2 2.5 0.0 0.00050 1580M0 -100 100 -1482 0.1170 0 0 0 313.515 2.372 149
Element: 938 0.2 2.5 0.0 0.00050 1565M0 -100 100 -1481 0.1170 0 0 0 315.736 2.390 150
Element: 939 0.2 2.5 0.0 0.00050 1581M0 -100 100 -1484 0.1170 0 0 0 317.962 2.405 151
Element: 940 0.2 2.5 0.0 0.00050 1566M0 -100 100 -1477 0.1170 0 0 0 320.193 2.421 152
Element: 941 0.2 2.5 0.0 0.00050 1582M0 -100 100 -1481 0.1170 0 0 0 322.430 2.438 153
Element: 942 0.2 2.5 0.0 0.00050 1567M0 -100 100 -1475 0.1170 0 0 0 324.669 2.454 154
Element: 943 0.2 2.5 0.0 0.00050 1583M0 -100 100 -1484 0.1170 0 0 0 326.914 2.471 155
Element: 944 0.2 2.5 0.0 0.00050 1568M0 -100 100 -1478 0.1170 0 0 0 329.192 2.430 156
Element: 945 0.2 2.5 0.0 0.00050 1584M0 -100 100 -1475 0.1170 0 0 0 331.418 2.389 157
Element: 946 0.2 2.5 0.0 0.00050 1569M0 -100 100 -1478 0.1170 0 0 0 333.677 2.406 158
Element: 947 0.2 2.5 0.0 0.00050 1585M0 -100 100 -1470 0.1170 0 0 0 335.940 2.421 159
Element: 948 0.2 2.5 0.0 0.00050 1570M0 -100 100 -1481 0.1170 0 0 0 338.208 2.438 160
Element: 949 0.2 2.5 0.0 0.00050 1586M0 -100 100 -1477 0.1170 0 0 0 340.479 2.452 161
Element: 950 0.2 2.5 0.0 0.00050 1571M0 -100 100 -1479 0.1170 0 0 0 342.756 2.469 162
Element: 951 0.2 2.5 0.0 0.00050 1587M0 -100 100 -1476 0.1170 0 0 0 345.036 2.485 163
Element: 952 0.2 2.5 0.0 0.00050 1572M0 -100 100 -1480 0.1170 0 0 0 347.321 2.501 164
Element: 953 0.2 2.5 0.0 0.00050 1588M0 -100 100 -1471 0.1170 0 0 0 349.609 2.518 165
Element: 954 0.2 2.5 0.0 0.00050 1573M0 -100 100 -1476 0.1170 0 0 0 351.902 2.533 166
Element: 955 0.2 2.5 0.0 0.00050 1589M0 -100 100 -1486 0.1170 0 0 0 354.229 2.491 167
Element: 956 0.2 2.5 0.0 0.00050 1574M0 -100 100 -1470 0.1170 0 0 0 356.501 2.446 168
Element: 957 0.2 2.5 0.0 0.00050 1590M0 -100 100 -1466 0.1170 0 0 0 358.806 2.463 169
Element: 958 0.2 2.5 0.0 0.00050 1575M0 -100 100 -1471 0.1170 0 0 0 361.115 2.477 170
Element: 959 0.2 2.5 0.0 0.00050 1591M0 -100 100 -1473 0.1170 0 0 0 363.428 2.494 171
##
## G 160 - 192  Section KL
##
Element: 960 0.2 2.5 0.0 0.00050 1592M0 -100 100 -1465 0.1170 0 0 0 365.746 2.509 172
Element: 961 0.2 2.5 0.0 0.00050 1608M0 -100 100 -1487 0.1170 0 0 0 368.066 2.525 173
Element: 962 0.2 2.5 0.0 0.00050 1593M0 -100 100 -1472 0.1170 0 0 0 370.391 2.541 174
Element: 963 0.2 2.5 0.0 0.00050 1609M0 -100 100 -1488 0.1170 0 0 0 372.719 2.556 175
Element: 964 0.2 2.5 0.0 0.00050 1594M0 -100 100 -1487 0.1170 0 0 0 375.051 2.572 176
Element: 965 0.2 2.5 0.0 0.00050 1610M0 -100 100 -1490 0.1170 0 0 0 377.388 2.588 177
Element: 966 0.2 2.5 0.0 0.00050 1595M0 -100 100 -1491 0.1170 0 0 0 379.758 2.543 178
Element: 967 0.2 2.5 0.0 0.00050 1611M0 -100 100 -1487 0.1170 0 0 0 382.070 2.495 179
Element: 968 0.2 2.5 0.0 0.00050 1596M0 -100 100 -1485 0.1170 0 0 0 384.417 2.510 180
Element: 969 0.2 2.5 0.0 0.00050 1612M0 -100 100 -1491 0.1170 0 0 0 386.767 2.527 181
Element: 970 0.2 2.5 0.0 0.00050 1597M0 -100 100 -1468 0.1170 0 0 0 389.121 2.542 182
Element: 971 0.2 2.5 0.0 0.00050 1613M0 -100 100 -1488 0.1170 0 0 0 391.478 2.557 183
Element: 972 0.2 2.5 0.0 0.00050 1598M0 -100 100 -1481 0.1170 0 0 0 393.838 2.573 184
Element: 973 0.2 2.5 0.0 0.00050 1614M0 -100 100 -1483 0.1170 0 0 0 396.202 2.587 185
Element: 974 0.2 2.5 0.0 0.00050 1599M0 -100 100 -1463 0.1170 0 0 0 398.569 2.604 186
Element: 975 0.2 2.5 0.0 0.00050 1615M0 -100 100 -1475 0.1170 0 0 0 400.940 2.619 187
Element: 976 0.2 2.5 0.0 0.00050 1600M0 -100 100 -1470 0.1170 0 0 0 403.313 2.635 188
Element: 977 0.2 2.5 0.0 0.00050 1616M0 -100 100 -1463 0.1170 0 0 0 405.717 2.595 189
Element: 978 0.2 2.5 0.0 0.00050 1601M0 -100 100 -1477 0.1170 0 0 0 408.070 2.554 190
Element: 979 0.2 2.5 0.0 0.00050 1617M0 -100 100 -1465 0.1170 0 0 0 410.452 2.570 191
Element: 980 0.2 2.5 0.0 0.00050 1602M0 -100 100 -1477 0.1170 0 0 0 412.838 2.585 192
Element: 981 0.2 2.5 0.0 0.00050 1618M0 -100 100 -1471 0.1170 0 0 0 415.227 2.600 193
Element: 982 0.2 2.5 0.0 0.00050 1603M0 -100 100 -1481 0.1170 0 0 0 417.619 2.615 194
Element: 983 0.2 2.5 0.0 0.00050 1619M0 -100 100 -1483 0.1170 0 0 0 420.014 2.630 195
Element: 984 0.2 2.5 0.0 0.00050 1604M0 -100 100 -1486 0.1170 0 0 0 422.411 2.646 196
Element: 985 0.2 2.5 0.0 0.00050 1620M0 -100 100 -1467 0.1170 0 0 0 424.811 2.661 197
Element: 986 0.2 2.5 0.0 0.00050 1605M0 -100 100 -1471 0.1170 0 0 0 427.215 2.676 198
Element: 987 0.2 2.5 0.0 0.00050 1621M0 -100 100 -1474 0.1170 0 0 0 429.621 2.692 199
Element: 988 0.2 2.5 0.0 0.00050 1606M0 -100 100 -1463 0.1170 0 0 0 432.063 2.639 200
Element: 989 0.2 2.5 0.0 0.00050 1622M0 -100 100 -1469 0.1170 0 0 0 434.440 2.586 201
Element: 990 0.2 2.5 0.0 0.00050 1607M0 -100 100 -1458 0.1170 0 0 0 436.854 2.601 202
Element: 991 0.2 2.5 0.0 0.00050 1623M0 -100 100 -1458 0.1170 0 0 0 439.270 2.617 203
##
## G 192 - 224  Section MN
##
Element: 992 0.2 2.5 0.0 0.00050 1624M0 -100 100 -1456 0.1170 0 0 0 441.689 2.630 204
Element: 993 0.2 2.5 0.0 0.00050 1640M0 -100 100 -1467 0.1170 0 0 0 444.111 2.646 205
Element: 994 0.2 2.5 0.0 0.00050 1625M0 -100 100 -1462 0.1170 0 0 0 446.534 2.661 206
Element: 995 0.2 2.5 0.0 0.00050 1641M0 -100 100 -1469 0.1170 0 0 0 448.960 2.676 207
Element: 996 0.2 2.5 0.0 0.00050 1626M0 -100 100 -1474 0.1170 0 0 0 451.389 2.691 208
Element: 997 0.2 2.5 0.0 0.00050 1642M0 -100 100 -1470 0.1170 0 0 0 453.820 2.706 209
Element: 998 0.2 2.5 0.0 0.00050 1627M0 -100 100 -1469 0.1170 0 0 0 456.253 2.721 210
Element: 999 0.2 2.5 0.0 0.00050 1643M0 -100 100 -1469 0.1170 0 0 0 458.688 2.736 211
Element: 1000 0.2 2.5 0.0 0.00050 1628M0 -100 100 -1469 0.1170 0 0 0 461.156 2.690 212
Element: 1001 0.2 2.5 0.0 0.00050 1644M0 -100 100 -1472 0.1170 0 0 0 463.565 2.644 213
Element: 1002 0.2 2.5 0.0 0.00050 1629M0 -100 100 -1465 0.1170 0 0 0 466.007 2.659 214
Element: 1003 0.2 2.5 0.0 0.00050 1645M0 -100 100 -1469 0.1170 0 0 0 468.451 2.673 215
Element: 1004 0.2 2.5 0.0 0.00050 1630M0 -100 100 -1462 0.1170 0 0 0 470.897 2.688 216
Element: 1005 0.2 2.5 0.0 0.00050 1646M0 -100 100 -1468 0.1170 0 0 0 473.344 2.703 217
Element: 1006 0.2 2.5 0.0 0.00050 1631M0 -100 100 -1463 0.1170 0 0 0 475.794 2.717 218
Element: 1007 0.2 2.5 0.0 0.00050 1647M0 -100 100 -1477 0.1170 0 0 0 478.245 2.732 219
Element: 1008 0.2 2.5 0.0 0.00050 1632M0 -100 100 -1460 0.1170 0 0 0 480.699 2.746 220
Element: 1009 0.2 2.5 0.0 0.00050 1648M0 -100 100 -1454 0.1170 0 0 0 483.154 2.760 221
Element: 1010 0.2 2.5 0.0 0.00050 1633M0 -100 100 -1474 0.1170 0 0 0 485.611 2.776 222
Element: 1011 0.2 2.5 0.0 0.00050 1649M0 -100 100 -1471 0.1170 0 0 0 488.069 2.789 223
Element: 1012 0.2 2.5 0.0 0.00050 1634M0 -100 100 -1483 0.1170 0 0 0 490.567 2.732 224
Element: 1013 0.2 2.5 0.0 0.00050 1650M0 -100 100 -1475 0.1170 0 0 0 492.991 2.672 225
Element: 1014 0.2 2.5 0.0 0.00050 1635M0 -100 100 -1462 0.1170 0 0 0 495.455 2.687 226
Element: 1015 0.2 2.5 0.0 0.00050 1651M0 -100 100 -1458 0.1170 0 0 0 497.920 2.700 227
Element: 1016 0.2 2.5 0.0 0.00050 1636M0 -100 100 -1477 0.1170 0 0 0 500.387 2.715 228
Element: 1017 0.2 2.5 0.0 0.00050 1652M0 -100 100 -1456 0.1170 0 0 0 502.855 2.729 229
Element: 1018 0.2 2.5 0.0 0.00050 1637M0 -100 100 -1459 0.1170 0 0 0 505.325 2.743 230
Element: 1019 0.2 2.5 0.0 0.00050 1653M0 -100 100 -1455 0.1170 0 0 0 507.795 2.757 231
Element: 1020 0.2 2.5 0.0 0.00050 1638M0 -100 100 -1453 0.1170 0 0 0 510.268 2.771 232
Element: 1021 0.2 2.5 0.0 0.00050 1654M0 -100 100 -1455 0.1170 0 0 0 512.741 2.784 233
Element: 1022 0.2 2.5 0.0 0.00050 1639M0 -100 100 -1458 0.1170 0 0 0 515.216 2.800 234
Element: 1023 0.2 2.5 0.0 0.00050 1655M0 -100 100 -1452 0.1170 0 0 0 517.693 2.813 235
##
## G 224 - 256  Section OP
##
Element: 1024 0.2 2.5 0.0 0.00050 1656M0 -100 100 -1441 0.1170 0 0 0 520.208 2.753 236
Element: 1025 0.2 2.5 0.0 0.00050 1672M0 -100 100 -1449 0.1170 0 0 0 522.648 2.689 237
Element: 1026 0.2 2.5 0.0 0.00050 1657M0 -100 100 -1449 0.1170 0 0 0 525.128 2.703 238
Element: 1027 0.2 2.5 0.0 0.00050 1673M0 -100 100 -1451 0.1170 0 0 0 527.608 2.717 239
Element: 1028 0.2 2.5 0.0 0.00050 1658M0 -100 100 -1455 0.1170 0 0 0 530.090 2.730 240
Element: 1029 0.2 2.5 0.0 0.00050 1674M0 -100 100 -1454 0.1170 0 0 0 532.573 2.744 241
Element: 1030 0.2 2.5 0.0 0.00050 1659M0 -100 100 -1452 0.1170 0 0 0 535.057 2.759 242
Element: 1031 0.2 2.5 0.0 0.00050 1675M0 -100 100 -1450 0.1170 0 0 0 537.541 2.771 243
Element: 1032 0.2 2.5 0.0 0.00050 1660M0 -100 100 -1450 0.1170 0 0 0 540.027 2.785 244
Element: 1033 0.2 2.5 0.0 0.00050 1676M0 -100 100 -1453 0.1170 0 0 0 542.513 2.799 245
Element: 1034 0.2 2.5 0.0 0.00050 1661M0 -100 100 -1444 0.1170 0 0 0 545.001 2.812 246
Element: 1035 0.2 2.5 0.0 0.00050 1677M0 -100 100 -1451 0.1170 0 0 0 547.489 2.826 247
Element: 1036 0.2 2.5 0.0 0.00050 1662M0 -100 100 -1416 0.1170 0 0 0 550.011 2.772 248
Element: 1037 0.2 2.5 0.0 0.00050 1678M0 -100 100 -1452 0.1170 0 0 0 552.467 2.719 249
Element: 1038 0.2 2.5 0.0 0.00050 1663M0 -100 100 -1444 0.1170 0 0 0 554.957 2.732 250
Element: 1039 0.2 2.5 0.0 0.00050 1679M0 -100 100 -1447 0.1170 0 0 0 557.449 2.745 251
Element: 1040 0.2 2.5 0.0 0.00050 1664M0 -100 100 -1450 0.1170 0 0 0 559.940 2.759 252
Element: 1041 0.2 2.5 0.0 0.00050 1680M0 -100 100 -1444 0.1170 0 0 0 562.431 2.771 253
Element: 1042 0.2 2.5 0.0 0.00050 1665M0 -100 100 -1448 0.1170 0 0 0 564.925 2.784 254
Element: 1043 0.2 2.5 0.0 0.00050 1681M0 -100 100 -1441 0.1170 0 0 0 567.418 2.798 255
Element: 1044 0.2 2.5 0.0 0.00050 1666M0 -100 100 -1453 0.1170 0 0 0 569.911 2.811 256
Element: 1045 0.2 2.5 0.0 0.00050 1682M0 -100 100 -1444 0.1170 0 0 0 572.405 2.823 257
Element: 1046 0.2 2.5 0.0 0.00050 1667M0 -100 100 -1447 0.1170 0 0 0 574.899 2.837 258
Element: 1047 0.2 2.5 0.0 0.00050 1683M0 -100 100 -1446 0.1170 0 0 0 577.394 2.851 259
Element: 1048 0.2 2.5 0.0 0.00050 1668M0 -100 100 -1450 0.1170 0 0 0 579.924 2.794 260
Element: 1049 0.2 2.5 0.0 0.00050 1684M0 -100 100 -1437 0.1170 0 0 0 582.385 2.738 261
Element: 1050 0.2 2.5 0.0 0.00050 1669M0 -100 100 -1447 0.1170 0 0 0 584.880 2.751 262
Element: 1051 0.2 2.5 0.0 0.00050 1685M0 -100 100 -1440 0.1170 0 0 0 587.377 2.763 263
Element: 1052 0.2 2.5 0.0 0.00050 1670M0 -100 100 -1438 0.1170 0 0 0 589.873 2.776 264
Element: 1053 0.2 2.5 0.0 0.00050 1686M0 -100 100 -1435 0.1170 0 0 0 592.369 2.789 265
Element: 1054 0.2 2.5 0.0 0.00050 1671M0 -100 100 -1440 0.1170 0 0 0 594.866 2.802 266
Element: 1055 0.2 2.5 0.0 0.00050 1687M0 -100 100 -1434 0.1170 0 0 0 597.362 2.813 267
##
## G 256 - 288  Section QR
##
Element: 1056 0.2 2.5 0.0 0.00050 1688M0 -100 100 -1423 0.1170 0 0 0 599.859 2.827 268
Element: 1057 0.2 2.5 0.0 0.00050 1704M0 -100 100 -1436 0.1170 0 0 0 602.355 2.840 269
Element: 1058 0.2 2.5 0.0 0.00050 1689M0 -100 100 -1432 0.1170 0 0 0 604.852 2.852 270
Element: 1059 0.2 2.5 0.0 0.00050 1705M0 -100 100 -1431 0.1170 0 0 0 607.349 2.866 271
Element: 1060 0.2 2.5 0.0 0.00050 1690M0 -100 100 -1437 0.1170 0 0 0 609.881 2.806 272
Element: 1061 0.2 2.5 0.0 0.00050 1706M0 -100 100 -1434 0.1170 0 0 0 612.342 2.747 273
Element: 1062 0.2 2.5 0.0 0.00050 1691M0 -100 100 -1434 0.1170 0 0 0 614.838 2.760 274
Element: 1063 0.2 2.5 0.0 0.00050 1707M0 -100 100 -1437 0.1170 0 0 0 617.334 2.772 275
Element: 1064 0.2 2.5 0.0 0.00050 1692M0 -100 100 -1437 0.1170 0 0 0 619.831 2.784 276
Element: 1065 0.2 2.5 0.0 0.00050 1708M0 -100 100 -1434 0.1170 0 0 0 622.327 2.797 277
Element: 1066 0.2 2.5 0.0 0.00050 1693M0 -100 100 -1429 0.1170 0 0 0 624.822 2.808 278
Element: 1067 0.2 2.5 0.0 0.00050 1709M0 -100 100 -1437 0.1170 0 0 0 627.318 2.821 279
Element: 1068 0.2 2.5 0.0 0.00050 1694M0 -100 100 -1430 0.1170 0 0 0 629.813 2.833 280
Element: 1069 0.2 2.5 0.0 0.00050 1710M0 -100 100 -1435 0.1170 0 0 0 632.308 2.845 281
Element: 1070 0.2 2.5 0.0 0.00050 1695M0 -100 100 -1427 0.1170 0 0 0 634.802 2.858 282
Element: 1071 0.2 2.5 0.0 0.00050 1711M0 -100 100 -1432 0.1170 0 0 0 637.296 2.870 283
Element: 1072 0.2 2.5 0.0 0.00050 1696M0 -100 100 -1432 0.1170 0 0 0 639.820 2.820 284
Element: 1073 0.2 2.5 0.0 0.00050 1712M0 -100 100 -1430 0.1170 0 0 0 642.283 2.772 285
Element: 1074 0.2 2.5 0.0 0.00050 1697M0 -100 100 -1431 0.1170 0 0 0 644.775 2.784 286
Element: 1075 0.2 2.5 0.0 0.00050 1713M0 -100 100 -1426 0.1170 0 0 0 647.267 2.795 287
Element: 1076 0.2 2.5 0.0 0.00050 1698M0 -100 100 -1435 0.1170 0 0 0 649.759 2.807 288
Element: 1077 0.2 2.5 0.0 0.00050 1714M0 -100 100 -1430 0.1170 0 0 0 652.250 2.820 289
Element: 1078 0.2 2.5 0.0 0.00050 1699M0 -100 100 -1430 0.1170 0 0 0 654.740 2.831 290
Element: 1079 0.2 2.5 0.0 0.00050 1715M0 -100 100 -1430 0.1170 0 0 0 657.230 2.842 291
Element: 1080 0.2 2.5 0.0 0.00050 1700M0 -100 100 -1436 0.1170 0 0 0 659.720 2.855 292
Element: 1081 0.2 2.5 0.0 0.00050 1716M0 -100 100 -1422 0.1170 0 0 0 662.208 2.866 293
Element: 1082 0.2 2.5 0.0 0.00050 1701M0 -100 100 -1429 0.1170 0 0 0 664.696 2.878 294
Element: 1083 0.2 2.5 0.0 0.00050 1717M0 -100 100 -1423 0.1170 0 0 0 667.183 2.890 295
Element: 1084 0.2 2.5 0.0 0.00050 1702M0 -100 100 -1422 0.1170 0 0 0 669.707 2.826 296
Element: 1085 0.2 2.5 0.0 0.00050 1718M0 -100 100 -1423 0.1170 0 0 0 672.155 2.762 297
Element: 1086 0.2 2.5 0.0 0.00050 1703M0 -100 100 -1428 0.1170 0 0 0 674.641 2.775 298
Element: 1087 0.2 2.5 0.0 0.00050 1719M0 -100 100 -1418 0.1170 0 0 0 677.124 2.785 299
##
## G 288 - 320  Section ST
##
Element: 1088 0.2 2.5 0.0 0.00050 1720M0 -100 100 -1418 0.1170 0 0 0 679.608 2.796 300
Element: 1089 0.2 2.5 0.0 0.00050 1736M0 -100 100 -1427 0.1170 0 0 0 682.090 2.808 301
Element: 1090 0.2 2.5 0.0 0.00050 1721M0 -100 100 -1425 0.1170 0 0 0 684.572 2.819 302
Element: 1091 0.2 2.5 0.0 0.00050 1737M0 -100 100 -1435 0.1170 0 0 0 687.052 2.831 303
Element: 1092 0.2 2.5 0.0 0.00050 1722M0 -100 100 -1430 0.1170 0 0 0 689.532 2.841 304
Element: 1093 0.2 2.5 0.0 0.00050 1738M0 -100 100 -1432 0.1170 0 0 0 692.011 2.853 305
Element: 1094 0.2 2.5 0.0 0.00050 1723M0 -100 100 -1432 0.1170 0 0 0 694.488 2.865 306
Element: 1095 0.2 2.5 0.0 0.00050 1739M0 -100 100 -1431 0.1170 0 0 0 696.965 2.876 307
Element: 1096 0.2 2.5 0.0 0.00050 1724M0 -100 100 -1426 0.1170 0 0 0 699.473 2.823 308
Element: 1097 0.2 2.5 0.0 0.00050 1740M0 -100 100 -1433 0.1170 0 0 0 701.915 2.770 309
Element: 1098 0.2 2.5 0.0 0.00050 1725M0 -100 100 -1423 0.1170 0 0 0 704.389 2.781 310
Element: 1099 0.2 2.5 0.0 0.00050 1741M0 -100 100 -1429 0.1170 0 0 0 706.861 2.791 311
Element: 1100 0.2 2.5 0.0 0.00050 1726M0 -100 100 -1422 0.1170 0 0 0 709.333 2.802 312
Element: 1101 0.2 2.5 0.0 0.00050 1742M0 -100 100 -1425 0.1170 0 0 0 711.803 2.813 313
Element: 1102 0.2 2.5 0.0 0.00050 1727M0 -100 100 -1418 0.1170 0 0 0 714.272 2.823 314
Element: 1103 0.2 2.5 0.0 0.00050 1743M0 -100 100 -1423 0.1170 0 0 0 716.739 2.834 315
Element: 1104 0.2 2.5 0.0 0.00050 1728M0 -100 100 -1422 0.1170 0 0 0 719.206 2.844 316
Element: 1105 0.2 2.5 0.0 0.00050 1744M0 -100 100 -1416 0.1170 0 0 0 721.671 2.857 317
Element: 1106 0.2 2.5 0.0 0.00050 1729M0 -100 100 -1426 0.1170 0 0 0 724.136 2.866 318
Element: 1107 0.2 2.5 0.0 0.00050 1745M0 -100 100 -1541 0.1170 0 0 0 726.598 2.878 319
Element: 1108 0.2 2.5 0.0 0.00050 1730M0 -100 100 -1431 0.1170 0 0 0 729.093 2.822 320
Element: 1109 0.2 2.5 0.0 0.00050 1746M0 -100 100 -1425 0.1170 0 0 0 731.520 2.767 321
Element: 1110 0.2 2.5 0.0 0.00050 1731M0 -100 100 -1429 0.1170 0 0 0 733.979 2.778 322
Element: 1111 0.2 2.5 0.0 0.00050 1747M0 -100 100 -1425 0.1170 0 0 0 736.437 2.789 323
Element: 1112 0.2 2.5 0.0 0.00050 1732M0 -100 100 -1431 0.1170 0 0 0 738.893 2.799 324
Element: 1113 0.2 2.5 0.0 0.00050 1748M0 -100 100 -1417 0.1170 0 0 0 741.347 2.809 325
Element: 1114 0.2 2.5 0.0 0.00050 1733M0 -100 100 -1421 0.1170 0 0 0 743.801 2.819 326
Element: 1115 0.2 2.5 0.0 0.00050 1749M0 -100 100 -1419 0.1170 0 0 0 746.253 2.831 327
Element: 1116 0.2 2.5 0.0 0.00050 1734M0 -100 100 -1416 0.1170 0 0 0 748.703 2.841 328
Element: 1117 0.2 2.5 0.0 0.00050 1750M0 -100 100 -1419 0.1170 0 0 0 751.152 2.850 329
Element: 1118 0.2 2.5 0.0 0.00050 1735M0 -100 100 -1421 0.1170 0 0 0 753.600 2.861 330
Element: 1119 0.2 2.5 0.0 0.00050 1751M0 -100 100 -1412 0.1170 0 0 0 756.046 2.871 331
##
## G 320 - 352  Section UV
##
Element: 1120 0.2 2.5 0.0 0.00050 1752M0 -100 100 -1417 0.1170 0 0 0 758.490 2.882 332
Element: 1121 0.2 2.5 0.0 0.00050 1768M0 -100 100 -1430 0.1170 0 0 0 760.967 2.824 333
Element: 1122 0.2 2.5 0.0 0.00050 1753M0 -100 100 -1422 0.1170 0 0 0 763.374 2.768 334
Element: 1123 0.2 2.5 0.0 0.00050 1769M0 -100 100 -1426 0.1170 0 0 0 765.814 2.778 335
Element: 1124 0.2 2.5 0.0 0.00050 1754M0 -100 100 -1429 0.1170 0 0 0 768.252 2.788 336
Element: 1125 0.2 2.5 0.0 0.00050 1770M0 -100 100 -1427 0.1170 0 0 0 770.689 2.797 337
Element: 1126 0.2 2.5 0.0 0.00050 1755M0 -100 100 -1427 0.1170 0 0 0 773.124 2.807 338
Element: 1127 0.2 2.5 0.0 0.00050 1771M0 -100 100 -1428 0.1170 0 0 0 775.557 2.817 339
Element: 1128 0.2 2.5 0.0 0.00050 1756M0 -100 100 -1427 0.1170 0 0 0 777.988 2.827 340
Element: 1129 0.2 2.5 0.0 0.00050 1772M0 -100 100 -1426 0.1170 0 0 0 780.419 2.837 341
Element: 1130 0.2 2.5 0.0 0.00050 1757M0 -100 100 -1419 0.1170 0 0 0 782.847 2.847 342
Element: 1131 0.2 2.5 0.0 0.00050 1773M0 -100 100 -1427 0.1170 0 0 0 785.273 2.857 343
Element: 1132 0.2 2.5 0.0 0.00050 1758M0 -100 100 -1419 0.1170 0 0 0 787.698 2.866 344
Element: 1133 0.2 2.5 0.0 0.00050 1774M0 -100 100 -1425 0.1170 0 0 0 790.121 2.876 345
Element: 1134 0.2 2.5 0.0 0.00050 1759M0 -100 100 -1421 0.1170 0 0 0 792.577 2.818 346
Element: 1135 0.2 2.5 0.0 0.00050 1775M0 -100 100 -1426 0.1170 0 0 0 794.962 2.759 347
Element: 1136 0.2 2.5 0.0 0.00050 1760M0 -100 100 -1423 0.1170 0 0 0 797.380 2.769 348
Element: 1137 0.2 2.5 0.0 0.00050 1776M0 -100 100 -1415 0.1170 0 0 0 799.795 2.778 349
Element: 1138 0.2 2.5 0.0 0.00050 1761M0 -100 100 -1400 0.1170 0 0 0 802.210 2.787 350
Element: 1139 0.2 2.5 0.0 0.00050 1777M0 -100 100 -1400 0.1170 0 0 0 804.622 2.796 351
Element: 1140 0.2 2.5 0.0 0.00050 1762M0 -100 100 -1426 0.1170 0 0 0 807.032 2.806 352
Element: 1141 0.2 2.5 0.0 0.00050 1778M0 -100 100 -1423 0.1170 0 0 0 809.440 2.815 353
Element: 1142 0.2 2.5 0.0 0.00050 1763M0 -100 100 -1421 0.1170 0 0 0 811.847 2.824 354
Element: 1143 0.2 2.5 0.0 0.00050 1779M0 -100 100 -1430 0.1170 0 0 0 814.252 2.833 355
Element: 1144 0.2 2.5 0.0 0.00050 1764M0 -100 100 -1428 0.1170 0 0 0 816.654 2.843 356
Element: 1145 0.2 2.5 0.0 0.00050 1780M0 -100 100 -1415 0.1170 0 0 0 819.055 2.852 357
Element: 1146 0.2 2.5 0.0 0.00050 1765M0 -100 100 -1423 0.1170 0 0 0 821.454 2.862 358
Element: 1147 0.2 2.5 0.0 0.00050 1781M0 -100 100 -1420 0.1170 0 0 0 823.886 2.801 359
Element: 1148 0.2 2.5 0.0 0.00050 1766M0 -100 100 -1411 0.1170 0 0 0 826.247 2.740 360
Element: 1149 0.2 2.5 0.0 0.00050 1782M0 -100 100 -1416 0.1170 0 0 0 828.640 2.749 361
Element: 1150 0.2 2.5 0.0 0.00050 1767M0 -100 100 -1422 0.1170 0 0 0 831.031 2.759 362
Element: 1151 0.2 2.5 0.0 0.00050 1783M0 -100 100 -1415 0.1170 0 0 0 833.421 2.767 363
Initialise: 
Display: 1D Nhits       32 0 32
Display: 1D NhitsPrompt 32 0 32
Display: 1D NhitsRand   32 0 32
Display: 1D Hits        352 0 352
Display: 1D HitsPrompt  352 0 352
Display: 1D HitsRand    352 0 352
#Display: 1D EnergyOR    200 0 2.5
Display: 1D TimeOR     2000 -100 100
#Display: 1D Energy 100 0 2.5   0 351
#Display: 1D Time  500 -100 100   0 351
Display: 1D Eelect   352 ugcal_883.plot.ehist
Display: 1D ScalerCurr 352 0 352
Display: 1D ScalerAcc  352 0 352
#Display: 1D Doubles  	352 0 352
Display: 1D NDoubles  	32 0 32
#Display: 2D EnergyOR 100 0 2.5 -1 Hits 352 0 352 -1
#Display: 2D EnergyOR 100 0 2.5 -1 Doubles 352 0 352 -1
#Display: 2D TimeOR   200 -100 100 -1 Hits 352 0 352 -1
#Display: 2D DiffTimeOR  100 -11.7 11.7 -1 Doubles 352 0 352 -1
#Display: 1D DiffTime  100 -11.7 11.7  0 352
#Display: 1D DiffTimeOR  100 -11.7 11.7
