  0     7.763     0.689
  1     8.158     0.727
  2    10.424     1.058
  3     7.781     0.626
  4     9.404     0.772
  5     9.240     0.660
  6     9.182     0.813
  7    10.358     0.823
  8     9.160     0.866
  9     7.504     0.628
 10     6.802     0.762
 11     9.288     0.782
 12     9.421     0.716
 13     7.725     0.615
 14     9.003     0.239
 15     8.216     0.697
 16     8.741     0.675
 17    10.229     0.827
 18     9.024     0.664
 19    10.599     0.786
 20     8.137     0.729
 21    11.067     1.157
 22     8.434     0.719
 23     9.980     1.216
 24     8.644     0.896
 25     9.094     0.993
 26  9999.999     0.000
 27     9.883     1.089
 28     9.062     0.783
 29  9999.999     0.000
 30  9999.999     0.000
 31  9999.999     0.000
 32  9999.999     0.000
 33  9999.999     0.000
 34  9999.999     0.000
 35  9999.999     0.000
 36  9999.999     0.000
 37  9999.999     0.000
 38  9999.999     0.000
 39     9.012     0.238
 40  9999.999     0.000
 41     2.591     1.744
 42    11.009     0.661
 43     8.667     0.695
 44     9.571     0.771
 45     9.991     1.021
 46     8.075     0.536
 47     7.575     0.859
 48     8.258     0.763
 49     7.400     0.607
 50     7.777     0.642
 51     8.725     1.204
 52     8.283     0.687
 53     8.085     0.591
 54     8.538     0.706
 55     7.515     0.595
 56     8.400     0.746
 57    10.002     0.607
 58     7.415     0.671
 59    11.052     0.717
 60     8.652     0.718
 61    10.125     0.807
 62     8.397     0.795
 63     9.620     0.769
 64     9.015     0.463
 65     8.436     0.709
 66     8.894     1.054
 67     9.193     0.755
 68     8.426     0.816
 69     8.297     0.802
 70     8.854     0.748
 71     9.372     0.787
 72     8.554     0.815
 73     9.123     0.729
 74     8.523     0.762
 75     7.553     0.734
 76    10.283     0.835
 77     9.470     0.958
 78     9.625     0.728
 79     7.972     1.401
 80     8.722     0.682
 81     8.601     0.653
 82    10.171     0.763
 83    10.561     0.750
 84     9.616     0.830
 85     8.831     0.781
 86    10.384     1.043
 87    10.139     0.713
 88     8.232     0.836
 89    10.079     0.673
 90     8.396     0.698
 91     8.414     0.713
 92     9.265     0.728
 93     8.437     0.688
 94     9.302     0.736
 95     8.552     0.691
 96     8.106     0.609
 97     8.108     0.723
 98     8.020     0.739
 99     7.204     1.024
100    10.173     0.781
101     9.190     0.779
102     8.217     0.720
103     9.657     1.048
104     8.256     0.812
105     9.469     1.035
106     9.002     1.036
107     8.303     0.826
108     9.213     0.851
109     8.300     0.797
110     7.514     0.716
111     8.230     0.712
112     8.001     0.241
113     8.730     0.666
114     8.959     0.782
115     9.105     0.599
116     8.320     0.705
117     9.097     0.547
118     9.733     0.702
119     9.287     0.846
120     8.156     0.610
121    13.668     0.640
122     8.875     0.918
123     9.675     0.730
124    10.447     0.808
125    10.346     0.751
126    10.300     0.636
127     9.428     0.730
128    10.160     0.768
129    11.277     0.771
130     7.929     1.002
131     8.624     1.118
132     8.556     0.647
133     9.337     0.706
134     8.446     0.632
135     8.086     0.632
136     7.643     1.437
137     9.690     0.765
138     8.776     0.704
139    10.394     0.827
140     8.164     0.637
141     8.660     0.660
142     8.349     0.662
143     8.643     1.119
144     8.134     0.742
145     8.644     0.694
146     8.192     0.666
147    10.578     1.023
148    10.325     0.761
149    10.019     0.639
150     9.412     0.699
151     8.636     0.697
152     7.370     0.667
153     8.665     0.674
154     8.208     0.694
155     7.855     0.627
156     9.171     0.714
157     9.528     0.723
158     8.021     0.236
159     9.170     0.852
160     7.522     0.687
161     8.447     0.758
162     4.017     0.542
163     7.448     0.643
164     9.548     0.915
165     7.322     0.672
166     8.572     0.664
167     7.315     0.116
168     4.334     0.645
169     8.403     0.628
170    10.007     0.239
171     8.394     0.975
172     9.672     0.872
173     8.139     0.910
174     9.818     1.342
175     9.590     0.947
176     8.277     0.644
177     8.221     0.868
178     9.051     0.641
179     8.327     0.762
180     7.209     0.699
181     9.016     0.235
182     8.009     0.238
183     9.438     1.009
184     8.006     0.240
185     8.630     0.691
186     9.103     0.699
187     9.352     0.788
188    11.274     0.751
189    10.483     1.277
190     9.211     0.752
191     8.571     0.963
192     8.073     0.764
193     8.728     1.038
194     9.004     0.646
195     8.171     0.739
196    10.512     0.907
197     8.509     0.968
198     8.514     0.764
199     6.790     0.740
200     7.633     0.657
201     7.129     0.586
202     7.409     0.705
203    10.303     0.679
204     8.291     0.764
205  9999.999     0.000
206    14.649     2.234
207     7.853     0.926
208     9.177     0.934
209     7.389     0.628
210     8.448     0.754
211    10.125     0.751
212     8.748     0.919
213     8.331     1.083
214     9.449     1.274
215     8.105     0.889
216     7.942     0.921
217     9.263     0.832
218     8.081     0.855
219     7.968     0.929
220    10.228     1.721
221     7.745     0.638
222     8.006     0.239
223     7.007     0.985
224     8.041     0.707
225     8.225     0.754
226     9.604     0.916
227     9.494     0.966
228     9.003     0.461
229     8.119     0.583
230     8.226     0.721
231     8.600     0.835
232    10.009     0.901
233     5.778     0.605
234    10.309     0.867
235     9.971     1.186
236     8.305     0.787
237     6.081     1.071
238     8.807     1.003
239     8.751     1.099
240     8.330     0.767
241     9.752     1.163
242     8.502     0.757
243     7.570     0.690
244    10.002     0.240
245     9.608     0.863
246     9.970     1.223
247     8.121     0.707
248     9.037     1.160
249     9.002     1.214
250    12.107     0.757
251     7.547     0.739
252     9.227     1.152
253     8.182     1.048
254     8.149     0.707
255     8.220     0.820
256  9999.999     0.000
257     9.199     0.884
258     8.552     0.931
259     9.067     0.812
260     8.386     0.766
261     8.048     0.564
262    10.078     1.325
263     9.525     0.743
264     9.978     1.246
265    10.221     0.872
266     8.340     0.680
267     8.071     0.559
268    10.243     0.782
269     8.473     0.732
270     9.483     0.955
271     9.405     0.926
272     9.175     0.857
273     9.005     0.238
274    10.255     1.605
275     9.690     0.941
276    13.692     1.577
277     7.888     0.846
278     9.517     1.003
279     8.304     0.969
280     8.850     0.801
281     9.471     0.868
282     8.000     0.963
283     8.268     0.758
284     8.256     0.820
285     9.944     1.040
286     8.302     0.775
287     7.582     1.291
288     8.693     0.662
289     8.942     0.793
290     9.049     0.546
291     8.809     0.828
292    10.210     1.176
293     7.039     0.234
294     7.507     0.718
295     7.863     0.852
296     9.651     1.171
297     8.115     0.923
298    13.342     0.878
299     9.663     0.890
300     8.444     0.635
301     8.397     0.730
302     7.565     0.670
303     9.498     1.000
304     8.369     0.771
305     7.640     0.678
306     7.769     0.715
307     8.289     1.014
308    10.146     0.637
309     7.918     0.935
310     9.039     0.611
311  9999.999     0.000
312     9.088     1.123
313    10.028     0.617
314     9.373     0.979
315  9999.999     0.000
316  9999.999     0.000
317     9.537     0.959
318  9999.999     0.000
319  9999.999     0.000
320     8.287     0.719
321     8.447     0.781
322     7.999     0.332
323    13.211     0.895
324     9.419     0.781
325     9.313     0.109
326     8.742     0.806
327     7.667     0.697
328    10.368     0.838
329     7.408     0.695
330     8.552     0.758
331     8.094     0.720
332     9.927     1.789
333    10.340     1.409
334     7.461     0.683
335     7.545     0.709
336     8.140     0.697
337     8.004     0.240
338     9.450     0.892
339     9.190     0.816
340     9.162     0.761
341    10.383     0.741
342     8.740     1.396
343    10.061     1.113
344     7.293     0.143
345     8.328     0.108
346     8.841     1.059
347     9.555     0.794
348     9.896     1.063
349     9.868     1.091
350     9.136     0.785
351    10.040     0.712
352     9.332     0.723
353  9999.999     0.000
354  9999.999     0.000
355  9999.999     0.000
356  9999.999     0.000
357  9999.999     0.000
358  9999.999     0.000
359  9999.999     0.000
360  9999.999     0.000
361  9999.999     0.000
362  9999.999     0.000
363  9999.999     0.000
364  9999.999     0.000
365  9999.999     0.000
366  9999.999     0.000
367     9.363     0.956
368    10.013     0.752
369     9.480     0.797
370     8.521     0.715
371     8.670     0.758
372     8.801     0.739
373     8.838     0.778
374    10.001     0.241
375    10.048     0.776
376     9.292     0.775
377     8.568     0.709
378     8.807     0.817
379     9.513     0.794
380     9.805     0.921
381     9.036     0.468
382    11.277     1.019
383     8.361     0.732
384     9.277     0.912
385    10.300     0.887
386     9.011     0.238
387     7.788     0.658
388     9.170     0.899
389     8.328     0.108
390     9.047     0.661
391     9.532     1.199
392     8.093     0.755
393     9.200     0.790
394     9.029     0.966
395     9.373     0.860
396     8.958     1.087
397    10.483     0.737
398     9.720     1.248
399    10.721     1.359
400  9999.999     0.000
401  9999.999     0.000
402  9999.999     0.000
403    10.235     0.830
404     8.727     0.753
405  9999.999     0.000
406    13.311     0.839
407     8.820     0.731
408  9999.999     0.000
409     9.301     0.817
410     8.444     0.803
411     8.894     0.802
412     8.691     0.696
413     9.426     0.733
414    10.268     0.769
415     8.963     0.874
416     9.817     0.795
417    10.219     0.873
418     9.393     0.830
419    11.000     0.239
420     9.637     0.675
421     9.691     0.652
422    10.444     0.691
423     9.081     0.685
424    11.221     0.850
425     9.186     0.764
426     9.643     0.802
427     9.049     0.939
428     9.285     0.840
429     9.511     0.727
430     9.004     0.239
431     8.869     0.975
432     8.446     0.735
433     7.727     0.635
434     9.610     0.854
435     8.786     0.747
436     9.066     0.639
437     8.656     0.735
438    12.682     2.103
439     8.632     0.951
440    10.154     1.227
441     7.048     0.232
442     9.474     0.886
443    11.053     0.546
444     9.414     0.736
445     8.043     0.593
446     8.285     0.717
447     9.070     0.838
448     8.512     0.753
449     8.020     0.667
450     9.258     0.808
451     9.249     0.796
452     8.161     0.755
453    12.712     1.061
454     7.707     0.723
455     8.348     0.810
456     9.740     1.205
457     9.603     1.076
458     8.125     0.757
459     8.968     0.933
460     7.728     0.730
461     7.125     0.535
462     9.046     0.659
463    17.599     0.957
464    10.223     1.422
465     9.459     0.743
466     9.148     0.685
467     8.670     0.734
468     9.410     0.790
469     9.911     0.828
470     8.666     0.708
471     8.265     0.946
472     8.661     0.765
473     9.303     1.131
474    10.134     0.743
475     8.205     0.714
476     9.049     0.721
477     9.649     0.884
478    10.362     1.815
479     8.615     0.987
480     8.305     0.814
481     8.268     0.806
482     7.360     0.626
483     8.053     0.734
484     8.003     0.535
485    10.741     1.125
486     8.059     0.700
487     7.353     0.643
488     8.002     0.239
489     7.007     0.239
490     7.018     0.237
491     8.536     0.701
492     9.100     0.523
493     9.712     0.829
494     9.499     0.738
495     9.306     1.701
496     7.443     0.640
497     9.835     1.344
498     7.884     0.894
499    10.317     1.158
500     8.066     1.328
501     7.015     0.237
502     7.433     0.709
503     7.301     0.665
504     7.091     0.517
505     9.146     1.416
506     7.065     0.784
507     7.636     0.690
508     7.356     0.704
509     8.571     0.749
510     8.691     1.238
511     7.561     0.866
512    12.407     1.049
513     8.264     0.775
514     8.149     0.569
515     8.051     0.791
516     8.568     0.703
517     8.277     0.806
518     4.755     0.660
519    10.495     0.737
520     7.282     0.142
521     8.010     0.238
522    10.174     0.791
523     8.704     0.686
524     8.634     0.885
525     9.013     0.238
526     9.355     1.250
527     8.347     0.874
528    10.526     1.239
529     2.862     0.471
530     1.679     1.609
531     9.932     1.488
532    10.432     2.719
533    10.432     2.719
534    10.432     2.719
535    10.432     2.719
536    10.432     2.719
537    10.432     2.719
538    10.432     2.719
539    10.432     2.719
540    11.930     1.099
541    13.161     0.679
542    11.672     0.580
543    11.814     1.066
544     9.386     1.273
545     8.311     0.671
546     9.394     0.798
547     8.604     0.764
548     8.973     0.937
549  9999.999     0.000
550     9.226     0.842
551     9.310     0.831
552     7.825     0.816
553     7.433     0.650
554     9.026     0.552
555     8.367     0.810
556     7.557     0.692
557     9.455     0.755
558     8.611     0.752
559     7.739     0.628
560     9.018     0.719
561     8.305     0.781
562     9.329     1.162
563     7.672     0.651
564     9.309     0.800
565  9999.999     0.000
566    10.419     0.864
567     9.172     1.031
568    10.291     0.944
569     8.820     0.952
570     8.852     0.854
571     9.128     0.727
572     7.307     0.734
573    11.394     1.567
574     8.777     0.619
575     9.004     0.366
576     6.669     1.031
577     7.571     0.683
578     7.099     0.508
579     9.373     0.725
580    10.021     1.220
581     5.929     1.195
582  9999.999     0.000
583     9.445     1.799
584    13.995     1.823
585     7.005     0.238
586     9.230     0.746
587     8.028     0.235
588     8.528     0.744
589     7.498     0.676
590     7.790     0.632
591     7.094     0.766
592     8.103     0.553
593     6.875     0.601
594     9.462     0.785
595     7.608     0.676
596     8.202     0.763
597  9999.999     0.000
598    10.219     0.831
599    10.173     1.156
600     8.207     0.540
601     7.266     0.649
602     5.594     0.588
603     8.968     0.915
604     8.673     0.780
605    10.149     1.012
606     9.867     0.936
607     9.669     0.873
608     9.511     1.195
609     8.002     0.241
610     7.522     0.691
611     8.631     0.710
612     9.066     0.923
613     9.019     0.237
614     9.657     0.974
615     8.526     0.775
616     9.141     0.702
617     7.027     0.236
618     8.993     0.843
619     9.234     0.815
620    10.094     0.770
621     8.489     0.725
622    10.152     0.807
623     8.103     1.209
624     8.250     0.699
625     9.357     0.857
626     8.650     1.029
627     8.116     0.801
628     7.581     0.810
629    10.328     1.580
630     8.288     0.831
631     8.625     1.055
632     8.365     0.769
633     9.424     0.783
634     7.744     0.851
635     8.012     0.236
636     9.076     0.672
637    10.558     0.976
638     7.691     0.828
639     9.402     0.809
640     9.892     1.730
641     8.163     0.888
642     8.466     0.880
643     8.060     1.175
644    10.001     0.624
645     7.829     1.056
646    10.124     0.773
647     8.503     1.014
648     8.370     0.749
649    10.060     0.972
650     8.292     0.844
651  9999.999     0.000
652     8.108     1.302
653     8.681     1.394
654     9.155     0.775
655     9.303     0.813
656     9.393     1.047
657    10.074     0.848
658  9999.999     0.000
659     9.049     0.609
660     9.007     1.019
661     9.279     0.069
662     9.126     1.021
663    10.172     0.693
664     8.376     0.673
665     8.142     0.670
666    10.077     0.869
667     9.542     0.830
668     9.309     0.822
669     7.314     0.663
670     9.297     0.948
671     8.044     0.793
672     9.236     0.873
673     8.609     0.746
674     9.098     0.710
675     7.921     0.739
676     8.628     0.771
677  9999.999     0.000
678    10.058     0.758
679  9999.999     0.000
680    12.216     0.897
681  9999.999     0.000
682  9999.999     0.000
683  9999.999     0.000
684  9999.999     0.000
685  9999.999     0.000
686  9999.999     0.000
687  9999.999     0.000
688  9999.999     0.000
689  9999.999     0.000
690     9.627     1.016
691  9999.999     0.000
692  9999.999     0.000
693     9.127     0.972
694     9.569     1.042
695     9.459     1.142
696    10.054     0.836
697    11.015     0.238
698     8.107     0.729
699     8.393     0.775
700     7.890     1.020
701     8.259     0.763
702     8.918     0.949
703     9.558     1.117
704     8.317     1.003
705     8.510     0.795
706     9.361     0.738
707     9.520     0.834
708     8.352     0.765
709     9.228     0.771
710     6.993     0.400
711     9.368     0.961
712    10.969     1.261
713     9.365     0.672
714     8.562     0.644
715     8.351     0.719
716     9.732     1.129
717    10.172     0.662
718     8.392     0.753
719     8.491     0.757
