0.895886
0.915178
1.061765
0.907233
1.018216
0.996086
1.032567
1.153295
1.057980
0.836857
0.839295
0.973810
1.034330
0.833332
1.016605
0.928583
0.930985
1.100695
0.953683
1.075909
0.861046
1.126722
0.975966
1.143840
0.959013
1.012649
1.000000
1.145366
1.064065
1.000000
1.000000
1.000000
1.000000
1.000000
1.000000
1.000000
1.000000
1.000000
1.000000
1.008251
1.000000
1.413200
1.260432
0.984238
1.079975
1.153561
0.930652
0.834456
0.926654
0.821097
0.912826
1.072532
0.908624
0.973936
1.029625
0.850263
0.934226
1.054198
0.888157
1.402551
0.951013
1.031510
0.938136
0.936456
0.964938
0.906261
0.959099
0.875548
0.999183
0.993476
1.057036
1.096526
0.992812
1.065323
0.968493
0.865437
1.193825
1.032968
1.088716
0.906880
1.008511
0.987047
1.124891
1.158573
1.093233
1.040545
1.225525
1.094413
1.012167
1.087310
0.928122
0.943358
0.954467
0.871898
1.006220
0.903221
0.898086
0.983797
0.947961
0.898998
1.102774
1.002619
1.005510
1.101450
0.953635
1.142377
1.029479
1.016006
1.050596
0.920598
0.804984
0.948139
0.843125
0.978508
1.040681
0.974791
0.907149
0.861001
1.121021
1.051004
0.859403
1.316177
0.967750
1.027030
1.143693
1.115936
1.148975
0.983626
1.076247
1.208511
1.012448
0.987732
0.941951
1.019998
0.880614
0.901243
0.850690
1.035718
0.943818
1.139457
0.917438
0.940771
0.901131
1.005352
0.902382
1.005961
0.946954
1.169814
1.152111
1.130825
1.064270
0.972979
0.851552
1.001627
0.939897
0.907166
1.036002
1.062187
0.843417
1.034478
0.863132
0.997278
0.654087
0.863838
0.851190
0.852362
0.992651
0.798626
0.886905
0.993046
1.082321
0.969847
1.024592
0.905568
1.097077
1.033517
0.937749
0.945260
1.014486
0.931359
0.976947
0.961835
0.891919
1.123960
0.866502
1.014789
1.002800
1.069148
1.274859
0.869654
1.055065
0.971460
0.894865
1.033848
1.014468
0.918412
1.206945
1.001679
0.967236
0.808734
0.881097
0.907734
0.841824
1.489646
0.903329
1.005445
1.674894
0.898588
0.986210
0.875413
0.884167
1.098863
1.004252
0.991950
1.101622
0.960542
0.882476
1.071466
0.939439
0.902739
1.122500
0.856553
0.900791
0.875519
0.934185
0.944315
1.128778
1.077125
1.030733
0.946804
1.013401
0.978200
1.132621
1.010436
1.180203
1.149567
0.919346
0.651926
0.933028
0.948069
0.948987
1.136733
0.930425
0.792650
1.083376
1.050982
1.096635
0.884764
0.993593
1.060892
1.103447
0.901805
1.038792
1.108361
0.948802
0.928904
1.179409
0.941477
1.035105
0.945537
0.885977
0.882321
1.130974
0.998717
1.096844
1.094062
0.873485
0.873417
1.196160
0.896406
1.095002
0.983906
1.039729
0.953874
1.044366
1.056826
1.003826
0.878167
1.057229
0.952604
0.994368
1.053274
0.881849
0.863905
0.854303
1.081257
0.909291
0.890248
0.970175
1.014376
1.050207
0.967343
1.122592
0.832670
0.892851
0.937508
1.030897
0.926824
1.153144
1.106488
0.933565
0.900516
0.874609
1.080451
0.922257
0.860228
0.901397
0.909720
1.191558
0.902064
0.976781
1.000000
1.002772
1.106284
1.024221
1.000000
1.000000
1.103766
1.000000
1.000000
0.939972
0.970407
0.893533
1.564819
1.100108
1.009534
1.061022
0.843390
1.166636
0.844754
0.925417
0.909150
1.146934
1.219835
0.832649
0.862795
0.890989
0.922303
0.996912
1.004760
1.037476
1.115307
1.027898
1.038780
0.845559
0.969747
0.984355
1.051681
1.084544
1.108298
1.032696
1.063603
1.101529
1.000000
1.000000
1.000000
1.000000
1.000000
1.000000
1.000000
1.000000
1.000000
1.000000
1.000000
1.000000
1.000000
1.000000
1.097414
1.097394
0.997886
0.985295
0.945033
0.982119
0.989874
1.112491
1.110869
1.026663
0.938889
0.908163
1.029496
0.997495
0.942408
1.137275
0.885178
1.040710
1.151798
0.979015
0.832663
1.013008
0.930642
1.026649
1.103135
0.856819
1.058308
1.025938
1.071388
1.068716
1.160582
1.120658
1.181291
1.000000
1.000000
1.000000
1.172726
0.935815
1.000000
1.209360
0.982522
1.000000
1.054294
0.931105
0.998202
0.935966
1.038175
1.160524
0.970365
1.052711
1.181068
0.957260
1.157659
1.017732
0.972830
1.139597
0.987352
1.109755
0.956997
0.976502
0.935056
1.013737
1.007372
0.979064
0.940484
0.969980
0.896654
1.105669
0.996163
1.003419
1.049838
1.213049
0.885648
1.147422
0.820122
1.075537
1.250679
0.996513
0.898011
0.908049
0.954981
0.925068
0.965734
1.031026
1.018611
0.903298
1.359708
0.925189
0.944835
1.094621
1.119813
0.889222
0.985564
0.873400
0.845026
0.986612
1.650924
1.083142
1.072225
1.012294
0.934333
0.907024
1.010912
0.987649
0.991407
0.990061
1.049446
1.080541
0.919517
1.005255
1.100487
1.137824
0.932790
1.012774
1.019848
0.913928
0.932115
0.968810
1.318976
0.954956
0.868998
0.946981
0.905684
0.919918
0.992941
1.075063
1.090448
1.053858
1.091893
0.906842
1.082668
0.968918
1.031786
1.109346
1.061178
0.925373
0.870741
0.851357
1.162173
0.910889
0.978597
0.922609
1.072017
1.084204
0.932391
1.210342
0.955093
0.977317
0.938490
1.019098
1.006300
0.686971
1.098913
0.879651
0.950952
1.078813
0.979198
0.997398
1.034288
1.057591
0.911833
0.796343
0.840957
0.905800
0.892437
0.997338
0.990877
0.920186
1.051515
1.032205
1.116796
1.022521
1.055788
0.962497
0.992751
0.934271
1.035146
1.065817
1.006669
1.110994
1.035139
1.101547
1.094364
1.064979
1.111103
0.952904
0.899211
1.176524
1.022021
0.877128
1.089230
1.063909
0.933960
1.071206
0.925160
1.062668
0.888779
1.070704
0.910401
1.095913
0.850708
1.129406
0.988256
0.967620
1.046309
0.887985
1.122850
1.039740
0.952120
0.876265
0.815877
0.836879
1.102277
1.115340
0.975167
0.665785
1.116950
1.496537
0.880100
1.005809
0.955618
0.977333
0.895345
0.908332
0.825714
0.876341
0.863874
1.091006
0.860582
0.882675
0.846553
1.108864
0.983950
0.911189
0.881011
0.562493
0.965304
0.990652
1.102487
1.137249
1.048676
1.062011
0.861611
0.848513
1.003345
0.974249
1.017165
1.167739
0.887329
0.986730
0.813585
0.978320
1.016506
1.103480
0.927100
1.117496
0.891336
0.881009
1.057612
0.967549
0.874909
0.811880
1.154307
0.908864
0.894063
0.888574
1.058703
0.855644
0.895592
0.928737
1.137587
0.834560
1.045319
1.127851
0.909492
1.043534
0.959320
1.226427
0.926405
1.319273
1.010072
1.040462
1.219706
0.943680
1.153691
0.924581
0.950654
1.007576
1.040205
1.010725
1.105171
1.282945
0.946127
0.982460
0.983642
0.978578
1.036792
0.875817
0.883579
1.064406
1.002256
0.967100
0.831923
1.067193
0.846251
0.983515
0.945979
1.010340
0.895884
0.969254
1.167633
1.143452
1.000000
1.361981
1.000000
1.000000
1.000000
1.000000
1.000000
1.000000
1.000000
1.000000
1.000000
1.110489
1.000000
1.000000
0.941353
1.075372
1.022510
1.075245
1.183931
0.857309
0.888275
0.905736
0.847460
0.992210
0.999844
0.951028
0.969039
1.026370
1.101859
0.921454
1.013440
0.944027
1.052072
1.216586
1.007785
0.959943
0.913166
1.099862
1.099169
0.924347
0.935769
