  0  9999.999     0.000
  1  9999.999     0.000
  2  9999.999     0.000
  3    11.592     0.958
  4    11.317     1.673
  5    10.171     1.838
  6    11.512     0.900
  7    15.949     0.231
  8    11.937     1.101
  9    11.822     1.069
 10    11.829     1.072
 11    12.472     1.385
 12     9.000     0.100
 13    10.000     0.100
 14    11.828     1.071
 15    11.497     0.886
 16     9.000     0.100
 17    10.000     0.100
 18     9.000     0.100
 19     9.000     0.100
 20    11.585     0.954
 21    10.613     0.360
 22    11.490     0.880
 23     9.818     1.068
 24    11.896     1.091
 25    15.725     1.031
 26    13.405     0.828
 27    11.433     0.814
 28     9.892     1.090
 29     9.586     0.955
 30     9.691     1.014
 31    11.337     0.854
 32    11.668     1.003
 33    11.692     1.015
 34    11.143     0.075
 35     9.583     0.953
 36    10.529     0.370
 37     9.715     1.026
 38     9.751     1.042
 39    10.617     0.357
 40     9.473     0.861
 41     9.973     1.107
 42     9.507     0.895
 43     9.564     0.940
 44     9.917     1.096
 45     9.988     1.110
 46     9.513     0.901
 47     7.829     1.072
 48     9.173     0.094
 49    11.458     0.838
 50    10.615     0.367
 51     9.966     1.106
 52    10.642     0.360
 53    10.589     0.368
 54    10.592     0.362
 55     9.656     0.996
 56     9.559     0.937
 57     9.945     1.103
 58     8.506     0.367
 59    11.440     0.813
 60    11.452     0.685
 61     9.442     0.653
 62    10.591     0.368
 63     7.870     1.084
 64  9999.999     0.000
 65  9999.999     0.000
 66  9999.999     0.000
 67    11.300     0.869
 68     9.738     1.036
 69    11.485     0.673
 70    11.719     1.028
 71    10.602     0.360
 72    10.643     0.359
 73    11.685     1.011
 74    13.638     0.986
 75     9.989     1.110
 76     9.589     0.957
 77     9.737     1.036
 78    10.616     0.365
 79    11.648     0.992
 80     9.667     1.002
 81    11.668     1.002
 82     9.486     0.876
 83     9.980     1.109
 84     9.608     0.969
 85    10.647     0.355
 86     9.336     0.852
 87    11.502     0.891
 88    10.631     0.362
 89    10.523     0.363
 90     9.550     0.930
 91     9.920     1.097
 92     9.678     1.008
 93     9.790     1.058
 94     9.234     0.752
 95    12.550     0.369
 96    10.544     0.381
 97    10.547     0.374
 98     9.522     0.908
 99     8.424     0.374
100    10.589     0.361
101     9.497     0.724
102     9.485     0.874
103    10.632     0.358
104     9.469     0.855
105    25.602     0.368
106    29.589     0.957
107     9.903     1.093
108     8.563     0.370
109     9.970     1.107
110     9.713     1.025
111     9.446     0.816
112     9.774     1.051
113     9.998     1.111
114     9.518     0.905
115     9.443     0.622
116     9.738     1.036
117     9.159     0.101
118    11.490     0.682
119     9.559     0.936
120    11.494     0.689
121    10.374     0.401
122     9.625     0.978
123    10.590     0.363
124     9.939     1.101
125     9.641     0.988
126     9.825     1.070
127     9.425     0.812
128  9999.999     0.000
129  9999.999     0.000
130  9999.999     0.000
131    11.711     1.024
132     9.618     0.975
133    11.547     0.928
134    10.643     0.360
135    11.645     0.990
136    11.518     0.905
137    11.561     0.938
138     9.914     1.096
139     9.745     1.039
140     9.992     1.110
141     9.769     1.050
142     9.726     1.031
143     9.597     0.962
144    11.526     0.911
145     9.326     0.850
146     9.957     1.105
147     9.917     1.096
148     8.919     0.818
149     9.554     0.933
150    11.476     0.600
151     9.957     1.105
152    11.524     0.910
153     9.488     0.673
154    10.585     0.359
155     9.806     1.064
156     9.726     1.031
157    11.486     0.545
158     9.343     0.859
159     9.833     1.073
160     9.984     1.109
161     9.336     0.850
162    10.629     0.363
163     9.636     0.985
164    10.889     0.320
165     9.599     0.963
166     9.566     0.941
167     8.554     0.370
168     9.496     0.697
169     9.715     1.026
170     9.657     0.996
171     9.605     0.967
172     9.476     0.531
173     9.490     0.277
174     9.458     0.839
175     8.606     0.369
176     9.599     0.963
177    10.852     0.343
178     9.490     0.677
179     9.326     0.850
180     9.434     0.638
181     7.996     1.111
182     9.454     0.832
183     5.466     0.852
184     9.476     0.864
185    10.550     0.379
186     9.322     0.851
187     5.873     1.085
188     9.587     0.955
189     8.619     0.366
190     9.460     0.665
191     7.501     0.718
192  9999.999     0.000
193  9999.999     0.000
194  9999.999     0.000
195    11.861     0.800
196    11.861     0.800
197    11.861     0.800
198    11.861     0.800
199    11.861     0.800
200    11.861     0.800
201    11.861     0.800
202    11.861     0.800
203    11.861     0.800
204    11.861     0.800
205    11.861     0.800
206    11.861     0.800
207    11.500     0.889
208    11.878     1.087
209    11.861     0.800
210    11.861     0.800
211    11.861     0.800
212    11.861     0.800
213     9.965     1.106
214    11.482     0.871
215    13.543     0.925
216    17.713     1.025
217    19.481     0.870
218    11.593     0.959
219    11.764     1.048
220     9.456     0.835
221     9.780     1.054
222    11.552     0.931
223    11.723     1.030
224    11.723     1.030
225    11.658     0.997
226    11.901     1.093
227    11.180     0.099
228     9.680     1.008
229     9.766     1.048
230     9.886     1.089
231    13.598     0.962
232    11.509     0.897
233     9.760     1.046
234    11.516     0.903
235     9.649     0.992
236     9.677     1.007
237     9.649     0.992
238    11.501     0.890
239     9.320     0.849
240    11.506     0.894
241     9.916     1.096
242     9.885     1.088
243     9.886     1.089
244     9.722     1.029
245     9.749     1.041
246     9.445     0.815
247     9.606     0.968
248     5.750     1.042
249     9.716     1.026
250    11.790     1.058
251     9.493     0.509
252     9.897     1.092
253     9.742     1.038
254     9.459     0.840
255     9.572     0.946
256  9999.999     0.000
257  9999.999     0.000
258  9999.999     0.000
259    11.565     0.940
260    11.518     0.905
261    11.197     0.119
262    11.450     0.824
263    11.516     0.516
264    11.598     0.962
265     9.954     1.104
266    13.414     0.815
267    11.659     0.998
268    10.518     0.364
269     9.745     1.040
270    13.456     0.835
271    11.962     1.106
272    11.459     0.605
273    11.616     0.973
274    11.498     0.888
275    11.605     0.967
276    11.479     0.868
277     9.987     1.110
278    11.827     1.071
279    11.726     1.031
280    12.599     0.359
281    11.671     1.004
282    11.532     0.916
283     9.977     1.108
284    11.667     1.002
285    11.771     1.050
286    10.619     0.358
287     9.897     1.092
288    11.514     0.902
289    11.692     1.015
290    11.474     0.861
291    10.538     0.381
292    11.451     0.651
293    10.573     0.363
294    10.537     0.371
295    10.646     0.355
296    11.322     0.851
297     9.884     1.088
298    10.627     0.361
299     9.783     1.055
300    10.571     0.383
301     7.984     1.109
302     9.474     0.564
303     9.617     0.974
304    10.650     0.365
305    10.649     0.369
306    10.555     0.366
307     9.588     0.956
308     9.814     1.066
309    10.645     0.360
310    10.550     0.374
311    21.500     0.889
312     9.942     1.102
313     9.970     1.107
314     9.449     0.820
315    17.808     1.064
316     9.446     0.816
317     5.560     0.937
318     5.496     0.695
319    11.553     0.932
320  9999.999     0.000
321  9999.999     0.000
322  9999.999     0.000
323     9.862     1.082
324    11.552     0.931
325     9.821     1.069
326     9.865     1.083
327    10.611     0.366
328    10.630     0.358
329     9.976     1.108
330     9.869     1.084
331     9.945     1.102
332     9.531     0.916
333    11.543     0.924
334     9.960     1.105
335    11.464     0.848
336    10.549     0.378
337    11.508     0.529
338    11.336     0.848
339    10.417     0.380
340    11.418     0.641
341     9.523     0.909
342    11.448     0.820
343     9.776     1.052
344    10.654     0.368
345     9.797     1.060
346    11.506     0.720
347    11.499     0.700
348     9.928     1.099
349     9.700     1.019
350    10.655     0.369
351     9.495     0.690
352    10.631     0.361
353     9.994     1.111
354     9.684     1.011
355    10.601     0.360
356     9.938     1.101
357    10.562     0.366
358     9.465     0.649
359     8.644     0.358
360    32.452     0.385
361     9.441     0.814
362    11.275     0.216
363    27.733     1.034
364     8.430     0.374
365    10.700     0.363
366    10.658     0.361
367     9.471     0.579
368    10.603     0.373
369     9.736     1.035
370    10.644     0.359
371    10.643     0.361
372     9.653     0.994
373     9.598     0.963
374    10.589     0.371
375     9.924     1.098
376    10.665     0.369
377    11.538     0.921
378    10.755     0.355
379    11.471     0.858
380     9.182     0.115
381    10.620     0.364
382     9.489     0.676
383     9.459     0.665
