  0  9999.999     0.000
  1  9999.999     0.000
  2  9999.999     0.000
  3  9999.999     0.000
  4  9999.999     0.000
  5  9999.999     0.000
  6  9999.999     0.000
  7  9999.999     0.000
  8  9999.999     0.000
  9  9999.999     0.000
 10  9999.999     0.000
 11  9999.999     0.000
 12    11.592     0.958
 13    11.317     1.673
 14    10.171     1.838
 15    11.512     0.900
 16    15.949     0.231
 17    11.937     1.101
 18    11.822     1.069
 19    11.829     1.072
 20    12.472     1.385
 21     9.000     0.100
 22    10.000     0.100
 23    11.828     1.071
 24    11.497     0.886
 25     9.000     0.100
 26    10.000     0.100
 27     9.000     0.100
 28     9.000     0.100
 29    11.585     0.954
 30    10.613     0.360
 31    11.490     0.880
 32     9.818     1.068
 33    11.896     1.091
 34    15.725     1.031
 35    13.405     0.828
 36    11.433     0.814
 37     9.892     1.090
 38     9.586     0.955
 39     9.691     1.014
 40    11.337     0.854
 41    11.668     1.003
 42    11.692     1.015
 43    11.143     0.075
 44     9.583     0.953
 45    10.529     0.370
 46     9.715     1.026
 47     9.751     1.042
 48    10.617     0.357
 49     9.473     0.861
 50     9.973     1.107
 51     9.507     0.895
 52     9.564     0.940
 53     9.917     1.096
 54     9.988     1.110
 55     9.513     0.901
 56     7.829     1.072
 57     9.173     0.094
 58    11.458     0.838
 59    10.615     0.367
 60     9.966     1.106
 61    10.642     0.360
 62    10.589     0.368
 63    10.592     0.362
 64     9.656     0.996
 65     9.559     0.937
 66     9.945     1.103
 67     8.506     0.367
 68    11.440     0.813
 69    11.452     0.685
 70     9.442     0.653
 71    10.591     0.368
 72     7.870     1.084
 73  9999.999     0.000
 74  9999.999     0.000
 75  9999.999     0.000
 76  9999.999     0.000
 77  9999.999     0.000
 78  9999.999     0.000
 79  9999.999     0.000
 80  9999.999     0.000
 81  9999.999     0.000
 82  9999.999     0.000
 83  9999.999     0.000
 84  9999.999     0.000
 85    11.300     0.869
 86     9.738     1.036
 87    11.485     0.673
 88    11.719     1.028
 89    10.602     0.360
 90    10.643     0.359
 91    11.685     1.011
 92    13.638     0.986
 93     9.989     1.110
 94     9.589     0.957
 95     9.737     1.036
 96    10.616     0.365
 97    11.648     0.992
 98     9.667     1.002
 99    11.668     1.002
100     9.486     0.876
101     9.980     1.109
102     9.608     0.969
103    10.647     0.355
104     9.336     0.852
105    11.502     0.891
106    10.631     0.362
107    10.523     0.363
108     9.550     0.930
109     9.920     1.097
110     9.678     1.008
111     9.790     1.058
112     9.234     0.752
113    12.550     0.369
114    10.544     0.381
115    10.547     0.374
116     9.522     0.908
117     8.424     0.374
118    10.589     0.361
119     9.497     0.724
120     9.485     0.874
121    10.632     0.358
122     9.469     0.855
123    25.602     0.368
124    29.589     0.957
125     9.903     1.093
126     8.563     0.370
127     9.970     1.107
128     9.713     1.025
129     9.446     0.816
130     9.774     1.051
131     9.998     1.111
132     9.518     0.905
133     9.443     0.622
134     9.738     1.036
135     9.159     0.101
136    11.490     0.682
137     9.559     0.936
138    11.494     0.689
139    10.374     0.401
140     9.625     0.978
141    10.590     0.363
142     9.939     1.101
143     9.641     0.988
144     9.825     1.070
145     9.425     0.812
146  9999.999     0.000
147  9999.999     0.000
148  9999.999     0.000
149  9999.999     0.000
150  9999.999     0.000
151  9999.999     0.000
152  9999.999     0.000
153  9999.999     0.000
154  9999.999     0.000
155  9999.999     0.000
156  9999.999     0.000
157  9999.999     0.000
158    11.711     1.024
159     9.618     0.975
160    11.547     0.928
161    10.643     0.360
162    11.645     0.990
163    11.518     0.905
164    11.561     0.938
165     9.914     1.096
166     9.745     1.039
167     9.992     1.110
168     9.769     1.050
169     9.726     1.031
170     9.597     0.962
171    11.526     0.911
172     9.326     0.850
173     9.957     1.105
174     9.917     1.096
175     8.919     0.818
176     9.554     0.933
177    11.476     0.600
178     9.957     1.105
179    11.524     0.910
180     9.488     0.673
181    10.585     0.359
182     9.806     1.064
183     9.726     1.031
184    11.486     0.545
185     9.343     0.859
186     9.833     1.073
187     9.984     1.109
188     9.336     0.850
189    10.629     0.363
190     9.636     0.985
191    10.889     0.320
192     9.599     0.963
193     9.566     0.941
194     8.554     0.370
195     9.496     0.697
196     9.715     1.026
197     9.657     0.996
198     9.605     0.967
199     9.476     0.531
200     9.490     0.277
201     9.458     0.839
202     8.606     0.369
203     9.599     0.963
204    10.852     0.343
205     9.490     0.677
206     9.326     0.850
207     9.434     0.638
208     7.996     1.111
209     9.454     0.832
210     5.466     0.852
211     9.476     0.864
212    10.550     0.379
213     9.322     0.851
214     5.873     1.085
215     9.587     0.955
216     8.619     0.366
217     9.460     0.665
218     7.501     0.718
219  9999.999     0.000
220  9999.999     0.000
221  9999.999     0.000
222  9999.999     0.000
223  9999.999     0.000
224  9999.999     0.000
225  9999.999     0.000
226  9999.999     0.000
227  9999.999     0.000
228  9999.999     0.000
229  9999.999     0.000
230  9999.999     0.000
231    11.861     0.800
232    11.861     0.800
233    11.861     0.800
234    11.861     0.800
235    11.861     0.800
236    11.861     0.800
237    11.861     0.800
238    11.861     0.800
239    11.861     0.800
240    11.861     0.800
241    11.861     0.800
242    11.861     0.800
243    11.500     0.889
244    11.878     1.087
245    11.861     0.800
246    11.861     0.800
247    11.861     0.800
248    11.861     0.800
249     9.965     1.106
250    11.482     0.871
251    13.543     0.925
252    17.713     1.025
253    19.481     0.870
254    11.593     0.959
255    11.764     1.048
256     9.456     0.835
257     9.780     1.054
258    11.552     0.931
259    11.723     1.030
260    11.723     1.030
261    11.658     0.997
262    11.901     1.093
263    11.180     0.099
264     9.680     1.008
265     9.766     1.048
266     9.886     1.089
267    13.598     0.962
268    11.509     0.897
269     9.760     1.046
270    11.516     0.903
271     9.649     0.992
272     9.677     1.007
273     9.649     0.992
274    11.501     0.890
275     9.320     0.849
276    11.506     0.894
277     9.916     1.096
278     9.885     1.088
279     9.886     1.089
280     9.722     1.029
281     9.749     1.041
282     9.445     0.815
283     9.606     0.968
284     5.750     1.042
285     9.716     1.026
286    11.790     1.058
287     9.493     0.509
288     9.897     1.092
289     9.742     1.038
290     9.459     0.840
291     9.572     0.946
292  9999.999     0.000
293  9999.999     0.000
294  9999.999     0.000
295  9999.999     0.000
296  9999.999     0.000
297  9999.999     0.000
298  9999.999     0.000
299  9999.999     0.000
300  9999.999     0.000
301  9999.999     0.000
302  9999.999     0.000
303  9999.999     0.000
304    11.565     0.940
305    11.518     0.905
306    11.197     0.119
307    11.450     0.824
308    11.516     0.516
309    11.598     0.962
310     9.954     1.104
311    13.414     0.815
312    11.659     0.998
313    10.518     0.364
314     9.745     1.040
315    13.456     0.835
316    11.962     1.106
317    11.459     0.605
318    11.616     0.973
319    11.498     0.888
320    11.605     0.967
321    11.479     0.868
322     9.987     1.110
323    11.827     1.071
324    11.726     1.031
325    12.599     0.359
326    11.671     1.004
327    11.532     0.916
328     9.977     1.108
329    11.667     1.002
330    11.771     1.050
331    10.619     0.358
332     9.897     1.092
333    11.514     0.902
334    11.692     1.015
335    11.474     0.861
336    10.538     0.381
337    11.451     0.651
338    10.573     0.363
339    10.537     0.371
340    10.646     0.355
341    11.322     0.851
342     9.884     1.088
343    10.627     0.361
344     9.783     1.055
345    10.571     0.383
346     7.984     1.109
347     9.474     0.564
348     9.617     0.974
349    10.650     0.365
350    10.649     0.369
351    10.555     0.366
352     9.588     0.956
353     9.814     1.066
354    10.645     0.360
355    10.550     0.374
356    21.500     0.889
357     9.942     1.102
358     9.970     1.107
359     9.449     0.820
360    17.808     1.064
361     9.446     0.816
362     5.560     0.937
363     5.496     0.695
364    11.553     0.932
365  9999.999     0.000
366  9999.999     0.000
367  9999.999     0.000
368  9999.999     0.000
369  9999.999     0.000
370  9999.999     0.000
371  9999.999     0.000
372  9999.999     0.000
373  9999.999     0.000
374  9999.999     0.000
375  9999.999     0.000
376  9999.999     0.000
377     9.862     1.082
378    11.552     0.931
379     9.821     1.069
380     9.865     1.083
381    10.611     0.366
382    10.630     0.358
383     9.976     1.108
384     9.869     1.084
385     9.945     1.102
386     9.531     0.916
387    11.543     0.924
388     9.960     1.105
389    11.464     0.848
390    10.549     0.378
391    11.508     0.529
392    11.336     0.848
393    10.417     0.380
394    11.418     0.641
395     9.523     0.909
396    11.448     0.820
397     9.776     1.052
398    10.654     0.368
399     9.797     1.060
400    11.506     0.720
401    11.499     0.700
402     9.928     1.099
403     9.700     1.019
404    10.655     0.369
405     9.495     0.690
406    10.631     0.361
407     9.994     1.111
408     9.684     1.011
409    10.601     0.360
410     9.938     1.101
411    10.562     0.366
412     9.465     0.649
413     8.644     0.358
414    32.452     0.385
415     9.441     0.814
416    11.275     0.216
417    27.733     1.034
418     8.430     0.374
419    10.700     0.363
420    10.658     0.361
421     9.471     0.579
422    10.603     0.373
423     9.736     1.035
424    10.644     0.359
425    10.643     0.361
426     9.653     0.994
427     9.598     0.963
428    10.589     0.371
429     9.924     1.098
430    10.665     0.369
431    11.538     0.921
432    10.755     0.355
433    11.471     0.858
434     9.182     0.115
435    10.620     0.364
436     9.489     0.676
437     9.459     0.665
