0  0.571988
1  0.571988
2  0.594209
3  0.594209
4  0.593353
5  0.593353
6  0.632487
7  0.632487
8  0.657677
9  0.657677
10  0.669369
11  0.669369
12  0.699949
13  0.699949
14  0.733478
15  0.733478
16  0.744863
17  0.744863
18  0.766525
19  0.766525
20  0.780959
21  0.780959
22  0.798710
23  0.798710
24  0.808537
25  0.808537
26  0.798594
27  0.798594
28  0.794021
29  0.794021
30  0.805575
31  0.805575
32  0.782908
33  0.782908
34  0.783824
35  0.783824
36  0.808163
37  0.808163
38  0.789519
39  0.789519
40  0.808919
41  0.808919
42  0.794995
43  0.794995
44  0.780927
45  0.780927
46  0.788987
47  0.788987
48  0.794891
49  0.794891
50  0.807213
51  0.807213
52  0.781013
53  0.781013
54  0.798932
55  0.798932
56  0.772967
57  0.772967
58  0.773027
59  0.773027
60  0.757372
61  0.757372
62  0.757131
63  0.757131
64  0.724118
65  0.724118
66  0.699540
67  0.699540
68  0.678468
69  0.678468
70  0.653582
71  0.653582
72  0.627823
73  0.627823
74  0.606350
75  0.606350
76  0.585365
77  0.585365
78  0.570292
79  0.570292
80  0.549902
81  0.549902
82  0.538752
83  0.538752
84  0.524645
85  0.524645
86  0.523817
87  0.523817
88  0.514832
89  0.514832
90  0.509402
91  0.509402
92  0.507881
93  0.507881
94  0.507596
95  0.507596
96  0.509714
97  0.509714
98  0.509011
99  0.509011
100  0.512530
101  0.512530
102  0.512628
103  0.512628
104  0.519339
105  0.519339
106  0.523429
107  0.523429
108  0.530113
109  0.530113
110  0.535467
111  0.535467
112  0.542612
113  0.542612
114  0.548316
115  0.548316
116  0.556559
117  0.556559
118  0.563894
119  0.563894
120  0.569851
121  0.569851
122  0.577121
123  0.577121
124  0.583723
125  0.583723
126  0.594650
127  0.594650
128  0.601862
129  0.601862
130  0.610714
131  0.610714
132  0.620042
133  0.620042
134  0.627458
135  0.627458
136  0.633907
137  0.633907
138  0.643936
139  0.643936
140  0.650042
141  0.650042
142  0.656932
143  0.656932
144  0.665070
145  0.665070
146  0.672958
147  0.672958
148  0.681605
149  0.681605
150  0.686569
151  0.686569
152  0.694068
153  0.694068
154  0.700290
155  0.700290
156  0.708304
157  0.708304
158  0.713564
159  0.713564
160  0.720072
161  0.720072
162  0.727286
163  0.727286
164  0.731619
165  0.731619
166  0.737051
167  0.737051
168  0.743340
169  0.743340
170  0.746668
171  0.746668
172  0.753111
173  0.753111
174  0.756724
175  0.756724
176  0.762281
177  0.762281
178  0.767656
179  0.767656
180  0.771229
181  0.771229
182  0.777223
183  0.777223
184  0.780463
185  0.780463
186  0.785500
187  0.785500
188  0.788348
189  0.788348
190  0.793120
191  0.793120
192  0.797695
193  0.797695
194  0.798805
195  0.798805
196  0.803804
197  0.803804
198  0.808241
199  0.808241
200  0.812655
201  0.812655
202  0.816450
203  0.816450
204  0.821253
205  0.821253
206  0.824955
207  0.824955
208  0.828311
209  0.828311
210  0.831528
211  0.831528
212  0.835722
213  0.835722
214  0.838355
215  0.838355
216  0.843703
217  0.843703
218  0.844654
219  0.844654
220  0.849168
221  0.849168
222  0.853222
223  0.853222
224  0.855164
225  0.855164
226  0.860585
227  0.860585
228  0.864329
229  0.864329
230  0.868055
231  0.868055
232  0.873202
233  0.873202
234  0.876062
235  0.876062
236  0.878731
237  0.878731
238  0.882827
239  0.882827
240  0.886581
241  0.886581
242  0.890376
243  0.890376
244  0.894752
245  0.894752
246  0.895765
247  0.895765
248  0.900058
249  0.900058
250  0.902403
251  0.902403
252  0.905881
253  0.905881
254  0.907522
255  0.907522
256  0.913513
257  0.913513
258  0.916352
259  0.916352
260  0.919968
261  0.919968
262  0.924219
263  0.924219
264  0.925818
265  0.925818
266  0.927523
267  0.927523
268  0.929706
269  0.929706
270  0.932795
271  0.932795
272  0.937222
273  0.937222
274  0.938476
275  0.938476
276  0.940532
277  0.940532
278  0.941083
279  0.941083
280  0.945316
281  0.945316
282  0.946832
283  0.946832
284  0.948953
285  0.948953
286  0.949815
287  0.949815
288  0.952925
289  0.952925
290  0.952991
291  0.952991
292  0.956747
293  0.956747
294  0.959712
295  0.959712
296  0.960334
297  0.960334
298  0.962021
299  0.962021
300  0.965348
301  0.965348
302  0.964302
303  0.964302
304  0.966736
305  0.966736
306  0.967988
307  0.967988
308  0.968859
309  0.968859
310  0.971700
311  0.971700
312  0.974187
313  0.974187
314  0.973927
315  0.973927
316  0.974214
317  0.974214
318  0.977958
319  0.977958
320  0.981349
321  0.981349
322  0.980285
323  0.980285
324  0.980624
325  0.980624
326  0.982942
327  0.982942
328  0.982175
329  0.982175
330  0.986399
331  0.986399
332  0.986143
333  0.986143
334  0.986881
335  0.986881
336  0.988864
337  0.988864
338  0.985760
339  0.985760
340  0.985009
341  0.985009
342  0.986279
343  0.986279
344  0.990216
345  0.990216
346  0.990612
347  0.990612
348  0.989403
349  0.989403
350  0.990542
351  0.990542
352  0.991015
353  0.991015
354  0.991209
355  0.991209
356  0.990695
357  0.990695
358  0.992491
359  0.992491
360  0.993102
361  0.993102
362  0.992050
363  0.992050
364  0.996853
365  0.996853
366  0.993221
367  0.993221
368  0.990545
369  0.990545
370  0.995616
371  0.995616
372  0.996342
373  0.996342
374  0.994423
375  0.994423
376  0.999230
377  0.999230
378  0.990896
379  0.990896
380  0.996583
381  0.996583
382  0.997547
383  0.997547
384  0.996381
385  0.996381
386  0.993185
387  0.993185
388  0.991672
389  0.991672
390  0.996726
391  0.996726
392  0.994777
393  0.994777
394  0.992857
395  0.992857
396  0.993339
397  0.993339
398  0.995833
399  0.995833
400  0.994354
401  0.994354
402  0.993894
403  0.993894
404  1.000000
405  1.000000
406  0.992619
407  0.992619
408  0.994357
409  0.994357
410  0.993086
411  0.993086
412  0.995015
413  0.995015
414  0.993051
415  0.993051
416  0.995632
417  0.995632
418  0.997017
419  0.997017
420  0.992496
421  0.992496
422  0.992819
423  0.992819
424  0.996193
425  0.996193
426  0.997018
427  0.997018
428  0.994811
429  0.994811
430  0.993318
431  0.993318
432  0.995600
433  0.995600
434  0.993781
435  0.993781
436  0.989898
437  0.989898
438  0.991145
439  0.991145
440  0.991609
441  0.991609
442  0.981452
443  0.981452
444  0.987255
445  0.987255
446  0.984187
447  0.984187
448  0.983510
449  0.983510
450  0.976648
451  0.976648
452  0.979546
453  0.979546
454  0.971626
455  0.971626
456  0.976511
457  0.976511
458  0.967631
459  0.967631
460  0.966673
461  0.966673
462  0.963502
463  0.963502
464  0.958986
465  0.958986
466  0.954364
467  0.954364
468  0.953510
469  0.953510
470  0.947593
471  0.947593
472  0.944547
473  0.944547
474  0.935267
475  0.935267
476  0.938408
477  0.938408
478  0.922107
479  0.922107
480  0.923926
481  0.923926
482  0.913184
483  0.913184
484  0.910453
485  0.910453
486  0.898840
487  0.898840
488  0.882972
489  0.882972
490  0.883110
491  0.883110
492  0.888301
493  0.888301
494  0.871076
495  0.871076
496  0.859722
497  0.859722
498  0.851099
499  0.851099
500  0.839772
501  0.839772
502  0.835241
503  0.835241
504  0.823265
505  0.823265
506  0.819719
507  0.819719
508  0.804535
509  0.804535
510  0.799604
511  0.799604
512  0.800830
513  0.800830
514  0.784818
515  0.784818
516  0.781558
517  0.781558
518  0.774323
519  0.774323
520  0.764593
521  0.764593
522  0.762374
523  0.762374
524  0.757191
525  0.757191
526  0.756686
527  0.756686
528  0.751511
529  0.751511
530  0.749991
531  0.749991
532  0.741057
533  0.741057
534  0.741120
535  0.741120
536  0.730587
537  0.730587
538  0.738074
539  0.738074
540  0.727582
541  0.727582
542  0.735796
543  0.735796
544  0.729098
545  0.729098
546  0.723821
547  0.723821
548  0.726202
549  0.726202
550  0.717232
551  0.717232
552  0.718798
553  0.718798
554  0.723245
555  0.723245
556  0.723260
557  0.723260
558  0.714110
559  0.714110
560  0.720455
561  0.720455
562  0.715271
563  0.715271
564  0.720162
565  0.720162
566  0.711201
567  0.711201
568  0.717496
569  0.717496
570  0.712400
571  0.712400
572  0.713391
573  0.713391
574  0.706716
575  0.706716
576  0.720335
577  0.720335
578  0.715208
579  0.715208
580  0.719053
581  0.719053
582  0.704162
583  0.704162
584  0.702505
585  0.702505
586  0.717270
587  0.717270
588  0.712417
589  0.712417
590  0.709471
591  0.709471
592  0.712522
593  0.712522
594  0.705237
595  0.705237
596  0.711055
597  0.711055
598  0.702287
599  0.702287
600  0.706900
601  0.706900
602  0.709468
603  0.709468
604  0.697870
605  0.697870
606  0.703704
607  0.703704
608  0.702421
609  0.702421
610  0.712226
611  0.712226
612  0.707672
613  0.707672
614  0.703479
615  0.703479
616  0.707396
617  0.707396
618  0.709486
619  0.709486
620  0.699733
621  0.699733
622  0.702952
623  0.702952
624  0.704031
625  0.704031
626  0.700808
627  0.700808
628  0.706712
629  0.706712
630  0.703533
631  0.703533
632  0.707729
633  0.707729
634  0.706902
635  0.706902
636  0.705992
637  0.705992
638  0.707769
639  0.707769
640  0.702066
641  0.702066
642  0.715267
643  0.715267
644  0.707254
645  0.707254
646  0.706881
647  0.706881
648  0.710180
649  0.710180
650  0.709334
651  0.709334
652  0.705972
653  0.705972
654  0.707365
655  0.707365
656  0.708044
657  0.708044
658  0.698153
659  0.698153
660  0.710211
661  0.710211
662  0.710206
663  0.710206
664  0.707939
665  0.707939
666  0.707745
667  0.707745
668  0.705289
669  0.705289
670  0.713003
671  0.713003
672  0.709966
673  0.709966
674  0.710015
675  0.710015
676  0.717400
677  0.717400
678  0.720973
679  0.720973
680  0.708994
681  0.708994
682  0.704929
683  0.704929
684  0.717782
685  0.717782
686  0.718348
687  0.718348
688  0.714822
689  0.714822
690  0.708036
691  0.708036
692  0.709018
693  0.709018
694  0.718303
695  0.718303
696  0.706333
697  0.706333
698  0.710720
699  0.710720
700  0.712439
701  0.712439
702  0.725977
703  0.725977
704  0.718563
705  0.718563
706  0.708206
707  0.708206
708  0.717963
709  0.717963
710  0.715663
711  0.715663
712  0.719753
713  0.719753
714  0.721562
715  0.721562
716  0.713854
717  0.713854
718  0.717156
719  0.717156
720  0.716973
721  0.716973
722  0.713411
723  0.713411
724  0.725152
725  0.725152
726  0.711244
727  0.711244
728  0.715358
729  0.715358
730  0.724555
731  0.724555
732  0.721700
733  0.721700
734  0.727412
735  0.727412
736  0.716013
737  0.716013
738  0.720191
739  0.720191
740  0.725073
741  0.725073
742  0.715149
743  0.715149
744  0.726845
745  0.726845
746  0.730341
747  0.730341
748  0.718235
749  0.718235
750  0.718768
751  0.718768
752  0.727508
753  0.727508
754  0.724056
755  0.724056
756  0.725112
757  0.725112
758  0.722815
759  0.722815
760  0.729397
761  0.729397
762  0.722101
763  0.722101
764  0.734022
765  0.734022
766  0.727306
767  0.727306
768  0.729916
769  0.729916
770  0.730051
771  0.730051
772  0.731386
773  0.731386
774  0.722825
775  0.722825
776  0.735564
777  0.735564
778  0.724639
779  0.724639
780  0.732344
781  0.732344
782  0.725339
783  0.725339
784  0.726795
785  0.726795
786  0.732507
787  0.732507
788  0.726794
789  0.726794
790  0.723943
791  0.723943
792  0.720731
793  0.720731
794  0.732318
795  0.732318
796  0.735886
797  0.735886
798  0.722696
799  0.722696
800  0.730962
801  0.730962
802  0.727223
803  0.727223
804  0.723799
805  0.723799
806  0.728522
807  0.728522
808  0.737393
809  0.737393
810  0.730887
811  0.730887
812  0.717667
813  0.717667
814  0.732483
815  0.732483
816  0.732218
817  0.732218
818  0.721443
819  0.721443
820  0.720448
821  0.720448
822  0.727327
823  0.727327
824  0.731909
825  0.731909
826  0.737017
827  0.737017
828  0.732912
829  0.732912
830  0.713659
831  0.713659
832  0.737167
833  0.737167
834  0.743740
835  0.743740
836  0.738056
837  0.738056
838  0.727427
839  0.727427
840  0.727958
841  0.727958
842  0.735017
843  0.735017
844  0.736901
845  0.736901
846  0.734096
847  0.734096
848  0.710786
849  0.710786
850  0.728814
851  0.728814
852  0.725999
853  0.725999
854  0.738826
855  0.738826
856  0.730498
857  0.730498
858  0.708955
859  0.708955
860  0.744791
861  0.744791
862  0.739184
863  0.739184
864  0.730423
865  0.730423
866  0.747157
867  0.747157
868  0.726999
869  0.726999
870  0.719243
871  0.719243
872  0.740994
873  0.740994
874  0.741818
875  0.741818
876  0.753441
877  0.753441
878  0.723657
879  0.723657
880  0.732298
881  0.732298
882  0.727505
883  0.727505
884  0.734699
885  0.734699
886  0.722712
887  0.722712
888  0.725791
889  0.725791
890  0.716754
891  0.716754
892  0.726510
893  0.726510
894  0.737909
895  0.737909
896  0.735847
897  0.735847
898  0.725333
899  0.725333
900  0.711083
901  0.711083
902  0.722911
903  0.722911
904  0.708964
905  0.708964
906  0.724994
907  0.724994
908  0.715809
909  0.715809
910  0.725487
911  0.725487
912  0.736049
913  0.736049
914  0.744188
915  0.744188
916  0.726345
917  0.726345
918  0.740832
919  0.740832
920  0.724741
921  0.724741
922  0.715841
923  0.715841
924  0.741352
925  0.741352
926  0.702937
927  0.702937
928  0.725870
929  0.725870
930  0.718248
931  0.718248
932  0.717231
933  0.717231
934  0.713009
935  0.713009
936  0.745838
937  0.745838
938  0.714133
939  0.714133
940  0.737030
941  0.737030
942  0.723104
943  0.723104
944  0.701903
945  0.701903
946  0.717197
947  0.717197
948  0.725014
949  0.725014
950  0.719957
951  0.719957
952  0.736228
953  0.736228
954  0.742050
955  0.742050
956  0.727644
957  0.727644
958  0.710977
959  0.710977
960  0.708713
961  0.708713
962  0.741046
963  0.741046
964  0.741862
965  0.741862
966  0.746236
967  0.746236
968  0.731819
969  0.731819
970  0.705635
971  0.705635
972  0.743258
973  0.743258
974  0.724579
975  0.724579
976  0.712381
977  0.712381
978  0.737866
979  0.737866
980  0.707231
981  0.707231
982  0.723708
983  0.723708
984  0.720673
985  0.720673
986  0.746248
987  0.746248
988  0.756160
989  0.756160
990  0.728519
991  0.728519
992  0.690610
993  0.690610
994  0.712752
995  0.712752
996  0.712786
997  0.712786
998  0.748335
999  0.748335
1000  0.734601
1001  0.734601
1002  0.719660
1003  0.719660
1004  0.736429
1005  0.736429
1006  0.749966
1007  0.749966
1008  0.713654
1009  0.713654
1010  0.735984
1011  0.735984
1012  0.707755
1013  0.707755
1014  0.738263
1015  0.738263
1016  0.742698
1017  0.742698
1018  0.713750
1019  0.713750
1020  0.715551
1021  0.715551
1022  0.701982
1023  0.701982
1024  0.722009
1025  0.722009
1026  0.694992
1027  0.694992
1028  0.724877
1029  0.724877
1030  0.712379
1031  0.712379
1032  0.702542
1033  0.702542
1034  0.690490
1035  0.690490
1036  0.729948
1037  0.729948
1038  0.748251
1039  0.748251
1040  0.715258
1041  0.715258
1042  0.746844
1043  0.746844
1044  0.691949
1045  0.691949
1046  0.722525
1047  0.722525
1048  0.702034
1049  0.702034
1050  0.760120
1051  0.760120
1052  0.744255
1053  0.744255
1054  0.728889
1055  0.728889
1056  0.748571
1057  0.748571
1058  0.726809
1059  0.726809
1060  0.710514
1061  0.710514
1062  0.710726
1063  0.710726
1064  0.715058
1065  0.715058
1066  0.695468
1067  0.695468
1068  0.713821
1069  0.713821
1070  0.672557
1071  0.672557
1072  0.743602
1073  0.743602
1074  0.709016
1075  0.709016
1076  0.696750
1077  0.696750
1078  0.748304
1079  0.748304
1080  0.706384
1081  0.706384
1082  0.737425
1083  0.737425
1084  0.696820
1085  0.696820
1086  0.720111
1087  0.720111
1088  0.698842
1089  0.698842
1090  0.755098
1091  0.755098
1092  0.713100
1093  0.713100
1094  0.723185
1095  0.723185
1096  0.746449
1097  0.746449
1098  0.700683
1099  0.700683
1100  0.699330
1101  0.699330
1102  0.731234
1103  0.731234
1104  0.738403
1105  0.738403
1106  0.735091
1107  0.735091
1108  0.695474
1109  0.695474
1110  0.700900
1111  0.700900
1112  0.703440
1113  0.703440
1114  0.676557
1115  0.676557
1116  0.704404
1117  0.704404
1118  0.731036
1119  0.731036
1120  0.752139
1121  0.752139
1122  0.732298
1123  0.732298
1124  0.745296
1125  0.745296
1126  0.687690
1127  0.687690
1128  0.732294
1129  0.732294
1130  0.732314
1131  0.732314
1132  0.691482
1133  0.691482
1134  0.729178
1135  0.729178
1136  0.736370
1137  0.736370
1138  0.708374
1139  0.708374
1140  0.747307
1141  0.747307
1142  0.724777
1143  0.724777
1144  0.753978
1145  0.753978
1146  0.693304
1147  0.693304
1148  0.717785
1149  0.717785
1150  0.729561
1151  0.729561
1152  0.728265
1153  0.728265
1154  0.758806
1155  0.758806
1156  0.697954
1157  0.697954
1158  0.682197
1159  0.682197
1160  0.722241
1161  0.722241
1162  0.731204
1163  0.731204
1164  0.757311
1165  0.757311
1166  0.694542
1167  0.694542
1168  0.721356
1169  0.721356
1170  0.744553
1171  0.744553
1172  0.749745
1173  0.749745
1174  0.694929
1175  0.694929
1176  0.716954
1177  0.716954
1178  0.727137
1179  0.727137
1180  0.698508
1181  0.698508
1182  0.691816
1183  0.691816
1184  0.728044
1185  0.728044
1186  0.681370
1187  0.681370
1188  0.735001
1189  0.735001
1190  0.707367
1191  0.707367
1192  0.724109
1193  0.724109
1194  0.689168
1195  0.689168
1196  0.713254
1197  0.713254
1198  0.722581
1199  0.722581
1200  0.687431
1201  0.687431
1202  0.661526
1203  0.661526
1204  0.718503
1205  0.718503
1206  0.704560
1207  0.704560
1208  0.700559
1209  0.700559
1210  0.721042
1211  0.721042
1212  0.697170
1213  0.697170
1214  0.734484
1215  0.734484
1216  0.667288
1217  0.667288
1218  0.776142
1219  0.776142
1220  0.698015
1221  0.698015
1222  0.681460
1223  0.681460
1224  0.742268
1225  0.742268
1226  0.752713
1227  0.752713
1228  0.723035
1229  0.723035
1230  0.720272
1231  0.720272
1232  0.723394
1233  0.723394
1234  0.741106
1235  0.741106
1236  0.708001
1237  0.708001
1238  0.702444
1239  0.702444
1240  0.706748
1241  0.706748
1242  0.713587
1243  0.713587
1244  0.718984
1245  0.718984
1246  0.695948
1247  0.695948
1248  0.695098
1249  0.695098
1250  0.659243
1251  0.659243
1252  0.721391
1253  0.721391
1254  0.735042
1255  0.735042
1256  0.695041
1257  0.695041
1258  0.680023
1259  0.680023
1260  0.659418
1261  0.659418
1262  0.789582
1263  0.789582
1264  0.700359
1265  0.700359
1266  0.709200
1267  0.709200
1268  0.694251
1269  0.694251
1270  0.721363
1271  0.721363
1272  0.688114
1273  0.688114
1274  0.714325
1275  0.714325
1276  0.675618
1277  0.675618
1278  0.707331
1279  0.707331
1280  0.739648
1281  0.739648
1282  0.694697
1283  0.694697
1284  0.752272
1285  0.752272
1286  0.692058
1287  0.692058
1288  0.654003
1289  0.654003
1290  0.705381
1291  0.705381
1292  0.706062
1293  0.706062
1294  0.703393
1295  0.703393
1296  0.707891
1297  0.707891
1298  0.733539
1299  0.733539
1300  0.687795
1301  0.687795
1302  0.702755
1303  0.702755
1304  0.676253
1305  0.676253
1306  0.719289
1307  0.719289
1308  0.707724
1309  0.707724
1310  0.700734
1311  0.700734
1312  0.728709
1313  0.728709
1314  0.685633
1315  0.685633
1316  0.694276
1317  0.694276
1318  0.714762
1319  0.714762
1320  0.679504
1321  0.679504
1322  0.694808
1323  0.694808
1324  0.705938
1325  0.705938
1326  0.754452
1327  0.754452
1328  0.716714
1329  0.716714
1330  0.669622
1331  0.669622
1332  0.704326
1333  0.704326
1334  0.692001
1335  0.692001
1336  0.742501
1337  0.742501
1338  0.691885
1339  0.691885
1340  0.716020
1341  0.716020
1342  0.691804
1343  0.691804
1344  0.763525
1345  0.763525
1346  0.720307
1347  0.720307
1348  0.699987
1349  0.699987
1350  0.746664
1351  0.746664
1352  0.714177
1353  0.714177
1354  0.727002
1355  0.727002
1356  0.754099
1357  0.754099
1358  0.669287
1359  0.669287
1360  0.709072
1361  0.709072
1362  0.718520
1363  0.718520
1364  0.745951
1365  0.745951
1366  0.703072
1367  0.703072
1368  0.698129
1369  0.698129
1370  0.729693
1371  0.729693
1372  0.711444
1373  0.711444
1374  0.706620
1375  0.706620
1376  0.727659
1377  0.727659
1378  0.651511
1379  0.651511
1380  0.667417
1381  0.667417
1382  0.770120
1383  0.770120
1384  0.735512
1385  0.735512
1386  0.764598
1387  0.764598
1388  0.693689
1389  0.693689
1390  0.619551
1391  0.619551
1392  0.705623
1393  0.705623
1394  0.647675
1395  0.647675
1396  0.710686
1397  0.710686
1398  0.685662
1399  0.685662
1400  0.647750
1401  0.647750
1402  0.739245
1403  0.739245
1404  0.714361
1405  0.714361
1406  0.701422
1407  0.701422
1408  0.732619
1409  0.732619
1410  0.692017
1411  0.692017
1412  0.724253
1413  0.724253
1414  0.737964
1415  0.737964
1416  0.771237
1417  0.771237
1418  0.674400
1419  0.674400
1420  0.723327
1421  0.723327
1422  0.699740
1423  0.699740
1424  0.733730
1425  0.733730
1426  0.755247
1427  0.755247
1428  0.716233
1429  0.716233
1430  0.736704
1431  0.736704
1432  0.739886
1433  0.739886
1434  0.827830
1435  0.827830
1436  0.712583
1437  0.712583
1438  0.702245
1439  0.702245
1440  0.654308
1441  0.654308
1442  0.715607
1443  0.715607
1444  0.754935
1445  0.754935
1446  0.678790
1447  0.678790
1448  0.692512
1449  0.692512
1450  0.632003
1451  0.632003
1452  0.715516
1453  0.715516
1454  0.684021
1455  0.684021
1456  0.712541
1457  0.712541
1458  0.669010
1459  0.669010
1460  0.729945
1461  0.729945
1462  0.726821
1463  0.726821
1464  0.762040
1465  0.762040
1466  0.732204
1467  0.732204
1468  0.695083
1469  0.695083
1470  0.710800
1471  0.710800
1472  0.742243
1473  0.742243
1474  0.768349
1475  0.768349
1476  0.719275
1477  0.719275
1478  0.687377
1479  0.687377
1480  0.763920
1481  0.763920
1482  0.680188
1483  0.680188
1484  0.714263
1485  0.714263
1486  0.698263
1487  0.698263
1488  0.683981
1489  0.683981
1490  0.752532
1491  0.752532
1492  0.697442
1493  0.697442
1494  0.754860
1495  0.754860
1496  0.705782
1497  0.705782
1498  0.669487
1499  0.669487
1500  1.000000
1501  1.000000
1502  1.000000
1503  1.000000
1504  1.000000
1505  1.000000
1506  1.000000
1507  1.000000
1508  1.000000
1509  1.000000
1510  1.000000
1511  1.000000
1512  1.000000
1513  1.000000
1514  1.000000
1515  1.000000
1516  1.000000
1517  1.000000
1518  1.000000
1519  1.000000
1520  1.000000
1521  1.000000
1522  1.000000
1523  1.000000
1524  1.000000
1525  1.000000
1526  1.000000
1527  1.000000
1528  1.000000
1529  1.000000
1530  1.000000
1531  1.000000
1532  1.000000
1533  1.000000
1534  1.000000
1535  1.000000
1536  1.000000
1537  1.000000
1538  1.000000
1539  1.000000
1540  1.000000
1541  1.000000
1542  1.000000
1543  1.000000
1544  1.000000
1545  1.000000
1546  1.000000
1547  1.000000
1548  1.000000
1549  1.000000
1550  1.000000
1551  1.000000
1552  1.000000
1553  1.000000
1554  1.000000
1555  1.000000
1556  1.000000
1557  1.000000
1558  1.000000
1559  1.000000
1560  1.000000
1561  1.000000
1562  1.000000
1563  1.000000
1564  1.000000
1565  1.000000
1566  1.000000
1567  1.000000
1568  1.000000
1569  1.000000
1570  1.000000
1571  1.000000
1572  1.000000
1573  1.000000
1574  1.000000
1575  1.000000
1576  1.000000
1577  1.000000
1578  1.000000
1579  1.000000
1580  1.000000
1581  1.000000
1582  1.000000
1583  1.000000
1584  1.000000
1585  1.000000
1586  1.000000
1587  1.000000
1588  1.000000
1589  1.000000
1590  1.000000
1591  1.000000
1592  1.000000
1593  1.000000
1594  1.000000
1595  1.000000
1596  1.000000
1597  1.000000
1598  1.000000
1599  1.000000
1600  1.000000
1601  1.000000
1602  1.000000
1603  1.000000
1604  1.000000
1605  1.000000
1606  1.000000
1607  1.000000
1608  1.000000
1609  1.000000
1610  1.000000
1611  1.000000
1612  1.000000
1613  1.000000
1614  1.000000
1615  1.000000
1616  1.000000
1617  1.000000
1618  1.000000
1619  1.000000
1620  1.000000
1621  1.000000
1622  1.000000
1623  1.000000
1624  1.000000
1625  1.000000
1626  1.000000
1627  1.000000
1628  1.000000
1629  1.000000
1630  1.000000
1631  1.000000
1632  1.000000
1633  1.000000
1634  1.000000
1635  1.000000
1636  1.000000
1637  1.000000
1638  1.000000
1639  1.000000
1640  1.000000
1641  1.000000
1642  1.000000
1643  1.000000
1644  1.000000
1645  1.000000
1646  1.000000
1647  1.000000
1648  1.000000
1649  1.000000
1650  1.000000
1651  1.000000
1652  1.000000
1653  1.000000
1654  1.000000
1655  1.000000
1656  1.000000
1657  1.000000
1658  1.000000
1659  1.000000
1660  1.000000
1661  1.000000
1662  1.000000
1663  1.000000
1664  1.000000
1665  1.000000
1666  1.000000
1667  1.000000
1668  1.000000
1669  1.000000
1670  1.000000
1671  1.000000
1672  1.000000
1673  1.000000
1674  1.000000
1675  1.000000
1676  1.000000
1677  1.000000
1678  1.000000
1679  1.000000
1680  1.000000
1681  1.000000
1682  1.000000
1683  1.000000
1684  1.000000
1685  1.000000
1686  1.000000
1687  1.000000
1688  1.000000
1689  1.000000
1690  1.000000
1691  1.000000
1692  1.000000
1693  1.000000
1694  1.000000
1695  1.000000
1696  1.000000
1697  1.000000
1698  1.000000
1699  1.000000
1700  1.000000
1701  1.000000
1702  1.000000
1703  1.000000
1704  1.000000
1705  1.000000
1706  1.000000
1707  1.000000
1708  1.000000
1709  1.000000
1710  1.000000
1711  1.000000
1712  1.000000
1713  1.000000
1714  1.000000
1715  1.000000
1716  1.000000
1717  1.000000
1718  1.000000
1719  1.000000
1720  1.000000
1721  1.000000
1722  1.000000
1723  1.000000
1724  1.000000
1725  1.000000
1726  1.000000
1727  1.000000
1728  1.000000
1729  1.000000
1730  1.000000
1731  1.000000
1732  1.000000
1733  1.000000
1734  1.000000
1735  1.000000
1736  1.000000
1737  1.000000
1738  1.000000
1739  1.000000
1740  1.000000
1741  1.000000
1742  1.000000
1743  1.000000
1744  1.000000
1745  1.000000
1746  1.000000
1747  1.000000
1748  1.000000
1749  1.000000
1750  1.000000
1751  1.000000
1752  1.000000
1753  1.000000
1754  1.000000
1755  1.000000
1756  1.000000
1757  1.000000
1758  1.000000
1759  1.000000
1760  1.000000
1761  1.000000
1762  1.000000
1763  1.000000
1764  1.000000
1765  1.000000
1766  1.000000
1767  1.000000
1768  1.000000
1769  1.000000
1770  1.000000
1771  1.000000
1772  1.000000
1773  1.000000
1774  1.000000
1775  1.000000
1776  1.000000
1777  1.000000
1778  1.000000
1779  1.000000
1780  1.000000
1781  1.000000
1782  1.000000
1783  1.000000
1784  1.000000
1785  1.000000
1786  1.000000
1787  1.000000
1788  1.000000
1789  1.000000
1790  1.000000
1791  1.000000
1792  1.000000
1793  1.000000
1794  1.000000
1795  1.000000
1796  1.000000
1797  1.000000
1798  1.000000
1799  1.000000
1800  1.000000
1801  1.000000
1802  1.000000
1803  1.000000
1804  1.000000
1805  1.000000
1806  1.000000
1807  1.000000
1808  1.000000
1809  1.000000
1810  1.000000
1811  1.000000
1812  1.000000
1813  1.000000
1814  1.000000
1815  1.000000
1816  1.000000
1817  1.000000
1818  1.000000
1819  1.000000
1820  1.000000
1821  1.000000
1822  1.000000
1823  1.000000
1824  1.000000
1825  1.000000
1826  1.000000
1827  1.000000
1828  1.000000
1829  1.000000
1830  1.000000
1831  1.000000
1832  1.000000
1833  1.000000
1834  1.000000
1835  1.000000
1836  1.000000
1837  1.000000
1838  1.000000
1839  1.000000
1840  1.000000
1841  1.000000
1842  1.000000
1843  1.000000
1844  1.000000
1845  1.000000
1846  1.000000
1847  1.000000
1848  1.000000
1849  1.000000
1850  1.000000
1851  1.000000
1852  1.000000
1853  1.000000
1854  1.000000
1855  1.000000
1856  1.000000
1857  1.000000
1858  1.000000
1859  1.000000
1860  1.000000
1861  1.000000
1862  1.000000
1863  1.000000
1864  1.000000
1865  1.000000
1866  1.000000
1867  1.000000
1868  1.000000
1869  1.000000
1870  1.000000
1871  1.000000
1872  1.000000
1873  1.000000
1874  1.000000
1875  1.000000
1876  1.000000
1877  1.000000
1878  1.000000
1879  1.000000
1880  1.000000
1881  1.000000
1882  1.000000
1883  1.000000
1884  1.000000
1885  1.000000
1886  1.000000
1887  1.000000
1888  1.000000
1889  1.000000
1890  1.000000
1891  1.000000
1892  1.000000
1893  1.000000
1894  1.000000
1895  1.000000
1896  1.000000
1897  1.000000
1898  1.000000
1899  1.000000
1900  1.000000
1901  1.000000
1902  1.000000
1903  1.000000
1904  1.000000
1905  1.000000
1906  1.000000
1907  1.000000
1908  1.000000
1909  1.000000
1910  1.000000
1911  1.000000
1912  1.000000
1913  1.000000
1914  1.000000
1915  1.000000
1916  1.000000
1917  1.000000
1918  1.000000
1919  1.000000
1920  1.000000
1921  1.000000
1922  1.000000
1923  1.000000
1924  1.000000
1925  1.000000
1926  1.000000
1927  1.000000
1928  1.000000
1929  1.000000
1930  1.000000
1931  1.000000
1932  1.000000
1933  1.000000
1934  1.000000
1935  1.000000
1936  1.000000
1937  1.000000
1938  1.000000
1939  1.000000
1940  1.000000
1941  1.000000
1942  1.000000
1943  1.000000
1944  1.000000
1945  1.000000
1946  1.000000
1947  1.000000
1948  1.000000
1949  1.000000
1950  1.000000
1951  1.000000
1952  1.000000
1953  1.000000
1954  1.000000
1955  1.000000
1956  1.000000
1957  1.000000
1958  1.000000
1959  1.000000
1960  1.000000
1961  1.000000
1962  1.000000
1963  1.000000
1964  1.000000
1965  1.000000
1966  1.000000
1967  1.000000
1968  1.000000
1969  1.000000
1970  1.000000
1971  1.000000
1972  1.000000
1973  1.000000
1974  1.000000
1975  1.000000
1976  1.000000
1977  1.000000
1978  1.000000
1979  1.000000
1980  1.000000
1981  1.000000
1982  1.000000
1983  1.000000
1984  1.000000
1985  1.000000
1986  1.000000
1987  1.000000
1988  1.000000
1989  1.000000
1990  1.000000
1991  1.000000
1992  1.000000
1993  1.000000
1994  1.000000
1995  1.000000
1996  1.000000
1997  1.000000
1998  1.000000
1999  1.000000
2000  1.000000
