#########################################################################
##--Author      JRM Annand   29th Apr 2003
##--Update      R Gregor...
##--Update      H.Bergaeuser
##            
##  Veto parameter File for BEAMTIME 2008_11_He3
##
## Veto Energy Calibrated by H. Berghaeuser FEB09
## 
#########################################################################
##-----------------------------------------------------------------------
## Total # Elements in array, Pulse-Height info? Time info? Position info?
## Info switch is off/on = 0/1
##      Total   Energy? Time?   Position?
#
Size:  384    1       1       1
RawHits:
#
# Now enter the information for each element....if the number of
# elements is specified as 10 above then there must be 10 element spec lines
# ADCs low,high define in MeV the range of a valid hit.
# ped is the zero-point offset channel and MeV/ch is the ADC conversionsion
# TDCs low, high define in ns the range of a valid hit.
# Off is the time-zero offset channel and ns/ch is the conversion gain.
# Pos 3-vector usually relates to the center of the front face of a crystal
# assuming origin at center of target, beam in z-direction
# with Bene's calib-files
#        ADC#  low  high ped  MeV/ch  TDC#  low/high Off ns/ch  Pos x,y,z (cm)
Element: 26001 0 9999.  87.1871	0.0122966    26301  -2000.0  2000.0 2961.1422  0.050   -5.196152    3.000000  147.500000
Element: 26002 0 9999.  85.3024	0.00907733    26302  -2000.0  2000.0 2958.3795  0.050  -10.392304    6.000000  147.500000
Element: 26003 0 9999.  85.1834	0.0145005    26303  -2000.0  2000.0 2852.6611  0.050  -10.392304    0.000000  147.500000
Element: 26004 0 9999.  85.3448	0.011523    26304  -2000.0  2000.0 2949.7220  0.050  -15.588456    9.000000  147.500000
Element: 26005 0 9999.  85.8153	0.0116654    26305  -2000.0  2000.0 2948.2659  0.050  -15.588456    3.000000  147.500000
Element: 26006 0 9999.  85.5478	0.0117822    26306  -2000.0  2000.0 2955.8684  0.050  -15.588456   -3.000000  147.500000
Element: 26007 0 9999.  84.9716	0.0115995    26307  -2000.0  2000.0 2941.6130  0.050  -20.784609   12.000000  147.500000
Element: 26008 0 9999.  84.7105	0.0116144    26308  -2000.0  2000.0 2937.3597  0.050  -20.784609    6.000000  147.500000
Element: 26009 0 9999.  84.9818	0.013633    26309  -2000.0  2000.0 2966.0171  0.050  -20.784609    0.000000  147.500000
Element: 26010 0 9999.  83.7683	0.013127    26310  -2000.0  2000.0 2943.6221  0.050  -20.784609   -6.000000  147.500000
Element: 26011 0 9999.  85.8727	0.0120727    26311  -2000.0  2000.0 2959.9750  0.050  -25.980761   15.000000  147.500000
Element: 26012 0 9999.  85.1367	0.00902635    26312  -2000.0  2000.0 2965.3668  0.050  -25.980761    9.000000  147.500000
Element: 26013 0 9999.  86.0938	0.0139314    26313  -2000.0  2000.0 2942.8954  0.050  -25.980761    3.000000  147.500000
Element: 26014 0 9999.  85.8233	0.00938398    26314  -2000.0  2000.0 2915.8923  0.050  -25.980761   -3.000000  147.500000
Element: 26015 0 9999.  85.6073	0.00943903    26315  -2000.0  2000.0 2954.6204  0.050  -25.980761   -9.000000  147.500000
Element: 26016 0 9999.  85.1919	0.00680889    26316  -2000.0  2000.0 2988.5337  0.050  -31.176912   18.000000  147.500000
Element: 26017 0 9999.  85.3892	0.0102754    26317  -2000.0  2000.0 2896.8220  0.050  -31.176912   12.000000  147.500000
Element: 26018 0 9999.  86.1738	0.0105385    26318  -2000.0  2000.0 2886.8682  0.050  -31.176912    6.000000  147.500000
Element: 26019 0 9999.  85.8162	0.0125844    26319  -2000.0  2000.0 2923.4324  0.050  -31.176912    0.000000  147.500000
Element: 26020 0 9999.  84.6946	0.013367    26320  -2000.0  2000.0 2894.5161  0.050  -31.176912   -6.000000  147.500000
Element: 26021 0 9999.  86.6273	0.0102511    26321  -2000.0  2000.0 2889.4531  0.050  -31.176912  -12.000000  147.500000
Element: 26022 0 9999.  86.2395	0.00946282    26322  -2000.0  2000.0 2887.7325  0.050  -36.373062   21.000000  147.500000
Element: 26023 0 9999.  86.4092	0.00970575    26323  -2000.0  2000.0 2889.9530  0.050  -36.373062   15.000000  147.500000
Element: 26024 0 9999.  86.5033	0.00894669    26324  -2000.0  2000.0 2818.8622  0.050  -36.373062    9.000000  147.500000
Element: 26025 0 9999.  84.8983	0.013347    26325  -2000.0  2000.0 2946.9215  0.050  -36.373062    3.000000  147.500000
Element: 26026 0 9999.  86.4433	0.00976051    26326  -2000.0  2000.0 2971.6916  0.050  -36.373062   -3.000000  147.500000
Element: 26027 0 9999.  85.9555	0.0116425    26327  -2000.0  2000.0 2937.6077  0.050  -36.373062   -9.000000  147.500000
Element: 26028 0 9999.  86.4397	0.0125509    26328  -2000.0  2000.0 2963.7246  0.050  -36.373062  -15.000000  147.500000
Element: 26029 0 9999.  85.8885	0.00852548    26329  -2000.0  2000.0 2918.0670  0.050  -41.569218   24.000000  147.500000
Element: 26030 0 9999.  86.2298	0.0119051    26330  -2000.0  2000.0 2945.0212  0.050  -41.569218   18.000000  147.500000
Element: 26031 0 9999.  85.692	0.0289665    26331  -2000.0  2000.0 2958.5634  0.050  -41.569218   12.000000  147.500000
Element: 26037 0 9999.  84.9145	0.018711    26337  -2000.0  2000.0 2813.8705  0.050  -41.569218    6.000000  147.500000
Element: 26033 0 9999.  85.6329	0.00772442    26333  -2000.0  2000.0 2954.4384  0.050  -41.569218    0.000000  147.500000
Element: 26034 0 9999.  85.6371	0.00809064    26334  -2000.0  2000.0 2911.5118  0.050  -41.569218   -6.000000  147.500000
Element: 26035 0 9999.  85.9607	0.00806937    26335  -2000.0  2000.0 2913.4413  0.050  -41.569218  -12.000000  147.500000
Element: 26036 0 9999.  86.1685	0.00829014    26336  -2000.0  2000.0 2926.5240  0.050  -41.569218  -18.000000  147.500000
Element: 26032 0 9999.  84.8684	0.00912493    26332  -2000.0  2000.0 2852.0983  0.050  -46.765369   27.000000  147.500000
Element: 26038 0 9999.  86.1568	0.0085776    26338  -2000.0  2000.0 2871.0139  0.050  -46.765369   21.000000  147.500000
Element: 26039 0 9999.  85.5979	0.00771841    26339  -2000.0  2000.0 2942.8284  0.050  -46.765369   15.000000  147.500000
Element: 26040 0 9999.  86.1953	0.00790041    26340  -2000.0  2000.0 2841.5144  0.050  -46.765369    9.000000  147.500000
Element: 26041 0 9999.  86.1796	0.00909784    26341  -2000.0  2000.0 2994.7473  0.050  -46.765369    3.000000  147.500000
Element: 27127 0 9999.  85.5818	0.0301412    27427  -2000.0  2000.0 2800.0479  0.050  -46.765369   -3.000000  147.500000
Element: 26043 0 9999.  85.6037	0.00773502    26343  -2000.0  2000.0 2971.7924  0.050  -46.765369   -9.000000  147.500000
Element: 26044 0 9999.  91.2495	0.00856699    26344  -2000.0  2000.0 2973.5239  0.050  -46.765369  -15.000000  147.500000
Element: 26045 0 9999.  85.79	0.00944419    26345  -2000.0  2000.0 2951.2804  0.050  -46.765369  -21.000000  147.500000
Element: 26046 0 9999.  85.5348	0.0071879    26346  -2000.0  2000.0 2924.5986  0.050  -51.961521   30.000000  147.500000
Element: 26047 0 9999.  85.8355	0.00754009    26347  -2000.0  2000.0 2972.2399  0.050  -51.961521   24.000000  147.500000
Element: 26048 0 9999.  86.2581	0.00972004    26348  -2000.0  2000.0 2969.5458  0.050  -51.961521   18.000000  147.500000
Element: 26049 0 9999.  85.9334	0.0074692    26349  -2000.0  2000.0 3009.2776  0.050  -51.961521   12.000000  147.500000
Element: 26050 0 9999.  86.449	0.0086997    26350  -2000.0  2000.0 2980.5063  0.050  -51.961521    6.000000  147.500000
Element: 26051 0 9999.  85.7052	0.00745358    26351  -2000.0  2000.0 2953.7623  0.050  -51.961521    0.000000  147.500000
Element: 26052 0 9999.  85.6345	0.00768103    26352  -2000.0  2000.0 2978.9432  0.050  -51.961521   -6.000000  147.500000
Element: 26053 0 9999.  85.5842	0.00606877    26353  -2000.0  2000.0 2973.9678  0.050  -51.961521  -12.000000  147.500000
Element: 26054 0 9999.  86.0987	0.00651538    26354  -2000.0  2000.0 2948.1404  0.050  -51.961521  -18.000000  147.500000
Element: 26055 0 9999.  85.6936	0.00573552    26355  -2000.0  2000.0 2993.1295  0.050  -51.961521  -24.000000  147.500000
Element: 26056 0 9999.  85.9593	0.010435    26356  -2000.0  2000.0 2961.7114  0.050  -57.157673   27.000000  147.500000
Element: 26057 0 9999.  85.714	0.00795981    26357  -2000.0  2000.0 2938.7463  0.050  -57.157673   21.000000  147.500000
Element: 26058 0 9999.  85.6162	0.00666874    26358  -2000.0  2000.0 2952.5331  0.050  -57.157673   15.000000  147.500000
Element: 26059 0 9999.  85.5768	0.00662703    26359  -2000.0  2000.0 2970.0085  0.050  -57.157673    9.000000  147.500000
Element: 26060 0 9999.  86.2157	0.0105169    26360  -2000.0  2000.0 2964.0479  0.050  -57.157673    3.000000  147.500000
Element: 26061 0 9999.  84.9942	0.0118989    26361  -2000.0  2000.0 2946.2191  0.050  -57.157673   -3.000000  147.500000
Element: 26062 0 9999.  86.9503	0.00666215    26362  -2000.0  2000.0 2936.3291  0.050  -57.157673   -9.000000  147.500000
Element: 26063 0 9999.  85.5447	0.00878976    26363  -2000.0  2000.0 2941.8490  0.050  -57.157673  -15.000000  147.500000
Element: 26064 0 9999.  85.5815	0.00839216    26364  -2000.0  2000.0 2985.9430  0.050  -57.157673  -21.000000  147.500000
Element: 26065 0 9999.  86.3855	0.0126891    26365  -2000.0  2000.0 2985.1295  0.050   -5.196152   -3.000000  147.500000
Element: 26066 0 9999.  86.1836	0.01335    26366  -2000.0  2000.0 2889.7114  0.050  -10.392304   -6.000000  147.500000
Element: 26067 0 9999.  85.5506	0.0116354    26367  -2000.0  2000.0 2990.7463  0.050   -5.196152   -9.000000  147.500000
Element: 26068 0 9999.  84.6803	0.0125596    26368  -2000.0  2000.0 2972.5331  0.050  -15.588456   -9.000000  147.500000
Element: 26069 0 9999.  85.8395	0.0118321    26369  -2000.0  2000.0 2986.0085  0.050  -10.392304  -12.000000  147.500000
Element: 26070 0 9999.  85.9728	0.0099749    26370  -2000.0  2000.0 2976.0479  0.050   -5.196152  -15.000000  147.500000
Element: 26071 0 9999.  94.3094	0.0145828    26371  -2000.0  2000.0 2982.2191  0.050  -20.784609  -12.000000  147.500000
Element: 26072 0 9999.  85.2618	0.0105197    26372  -2000.0  2000.0 2848.3291  0.050  -15.588456  -15.000000  147.500000
Element: 26073 0 9999.  85.229	0.0185929    26373  -2000.0  2000.0 2941.8490  0.050  -10.392304  -18.000000  147.500000
Element: 26074 0 9999.  86.3496	0.0177975    26374  -2000.0  2000.0 2937.9430  0.050   -5.196152  -21.000000  147.500000
Element: 26075 0 9999.  85.5159	0.0115421    26375  -2000.0  2000.0 2949.1295  0.050  -25.980761  -15.000000  147.500000
Element: 28094 0 9999.  85.5111	0.173147    28394  -2000.0  2000.0 2609.9430  0.050  -20.784609  -18.000000  147.500000
Element: 26077 0 9999.  85.6852	0.0160762    26377  -2000.0  2000.0 2946.7463  0.050  -15.588456  -21.000000  147.500000
Element: 26078 0 9999.  85.5502	0.0207806    26378  -2000.0  2000.0 2956.5331  0.050  -10.392304  -24.000000  147.500000
Element: 26079 0 9999.  85.7564	0.0113948    26379  -2000.0  2000.0 2958.0085  0.050   -5.196152  -27.000000  147.500000
Element: 26080 0 9999.  85.4861	0.0106866    26380  -2000.0  2000.0 2920.0479  0.050  -31.176912  -18.000000  147.500000
Element: 26081 0 9999.  86.5002	0.0146722    26381  -2000.0  2000.0 2962.2191  0.050  -25.980761  -21.000000  147.500000
Element: 26082 0 9999.  86.0085	0.0190421    26382  -2000.0  2000.0 2916.3291  0.050  -20.784609  -24.000000  147.500000
Element: 26083 0 9999.  85.6853	0.0195433    26383  -2000.0  2000.0 2965.8490  0.050  -15.588456  -27.000000  147.500000
Element: 26084 0 9999.  86.137	0.0215924    26384  -2000.0  2000.0 2953.9430  0.050  -10.392304  -30.000000  147.500000
Element: 26085 0 9999.  86.2181	0.0248885    26385  -2000.0  2000.0 2945.1295  0.050   -5.196152  -33.000000  147.500000
Element: 26086 0 9999.  86.171	0.0155768    26386  -2000.0  2000.0 2953.7114  0.050  -36.373062  -21.000000  147.500000
Element: 26087 0 9999.  86.2257	0.0293915    26387  -2000.0  2000.0 2914.7463  0.050  -31.176912  -24.000000  147.500000
Element: 26088 0 9999.  86.2312	0.0246114    26388  -2000.0  2000.0 2924.5331  0.050  -25.980761  -27.000000  147.500000
Element: 26089 0 9999.  86.0104	0.0210006    26389  -2000.0  2000.0 2946.0085  0.050  -20.784609  -30.000000  147.500000
Element: 26090 0 9999.  85.7256	0.0188111    26390  -2000.0  2000.0 2932.0479  0.050  -15.588456  -33.000000  147.500000
Element: 26091 0 9999.  85.7224	0.0230774    26391  -2000.0  2000.0 2970.2191  0.050  -10.392304  -36.000000  147.500000
Element: 26092 0 9999.  86.2158	0.0319508    26392  -2000.0  2000.0 2968.3291  0.050   -5.196152  -39.000000  147.500000
Element: 26093 0 9999.  86.0267	0.00882415    26393  -2000.0  2000.0 2853.8490  0.050  -41.569218  -24.000000  147.500000
Element: 26094 0 9999.  85.3833	0.0168206    26394  -2000.0  2000.0 2961.9430  0.050  -36.373062  -27.000000  147.500000
Element: 26095 0 9999.  85.9202	0.0352619    26395  -2000.0  2000.0 2957.1295  0.050  -31.176912  -30.000000  147.500000
Element: 26096 0 9999.  86.0839	0.0151184    26396  -2000.0  2000.0 2993.7114  0.050  -25.980761  -33.000000  147.500000
Element: 26097 0 9999.  86.3479	0.0102579    26397  -2000.0  2000.0 2990.7463  0.050  -20.784609  -36.000000  147.500000
Element: 26098 0 9999.  86.3128	0.00932913    26398  -2000.0  2000.0 2960.5331  0.050  -15.588456  -39.000000  147.500000
Element: 26099 0 9999.  85.713	0.00895457    26399  -2000.0  2000.0 2982.0085  0.050  -10.392304  -42.000000  147.500000
Element: 26100 0 9999.  86.1748	0.0076254    26400  -2000.0  2000.0 2972.0479  0.050   -5.196152  -45.000000  147.500000
Element: 26101 0 9999.  85.9354	0.00737706    26401  -2000.0  2000.0 2996.0479  0.050  -46.765369  -27.000000  147.500000
Element: 26102 0 9999.  85.8076	0.0089016    26402  -2000.0  2000.0 2916.0479  0.050  -41.569218  -30.000000  147.500000
Element: 26103 0 9999.  86.4112	0.00755789    26403  -2000.0  2000.0 2992.0479  0.050  -36.373062  -33.000000  147.500000
Element: 26104 0 9999.  85.8709	0.00684443    26404  -2000.0  2000.0 2976.0479  0.050  -31.176912  -36.000000  147.500000
Element: 26105 0 9999.  86.0547	0.00945279    26405  -2000.0  2000.0 2980.0479  0.050  -25.980761  -39.000000  147.500000
Element: 26106 0 9999.  86.0683	0.00859472    26406  -2000.0  2000.0 2968.0479  0.050  -20.784609  -42.000000  147.500000
Element: 26107 0 9999.  85.8954	0.00775822    26407  -2000.0  2000.0 2992.0479  0.050  -15.588456  -45.000000  147.500000
Element: 26108 0 9999.  85.824	0.00714241    26408  -2000.0  2000.0 2936.0479  0.050  -10.392304  -48.000000  147.500000
Element: 26109 0 9999.  85.8337	0.00867737    26409  -2000.0  2000.0 3004.0479  0.050   -5.196152  -51.000000  147.500000
Element: 26110 0 9999.  85.9179	0.00690994    26410  -2000.0  2000.0 2948.0479  0.050  -51.961521  -30.000000  147.500000
Element: 26111 0 9999.  86.0206	0.00721315    26411  -2000.0  2000.0 3004.0479  0.050  -46.765369  -33.000000  147.500000
Element: 26112 0 9999.  85.728	0.00785943    26412  -2000.0  2000.0 2808.0479  0.050  -41.569218  -36.000000  147.500000
Element: 26113 0 9999.  86.3637	0.00938682    26413  -2000.0  2000.0 2968.0479  0.050  -36.373062  -39.000000  147.500000
Element: 26114 0 9999.  86.1496	0.00908108    26414  -2000.0  2000.0 2924.0479  0.050  -31.176912  -42.000000  147.500000
Element: 26115 0 9999.  86.5169	0.00839467    26415  -2000.0  2000.0 2944.0479  0.050  -25.980761  -45.000000  147.500000
Element: 26116 0 9999.  86.2013	0.011361    26416  -2000.0  2000.0 2948.0479  0.050  -20.784609  -48.000000  147.500000
Element: 26117 0 9999.  85.9755	0.00792737    26417  -2000.0  2000.0 2960.0479  0.050  -15.588456  -51.000000  147.500000
Element: 26118 0 9999.  85.6947	0.0086456    26418  -2000.0  2000.0 2960.0479  0.050  -10.392304  -54.000000  147.500000
Element: 26119 0 9999.  85.6981	0.00990093    26419  -2000.0  2000.0 2944.0479  0.050   -5.196152  -57.000000  147.500000
Element: 26120 0 9999.  86.3588	0.00730751    26420  -2000.0  2000.0 2928.0479  0.050  -51.961521  -36.000000  147.500000
Element: 26121 0 9999.  86.1811	0.00772711    26421  -2000.0  2000.0 2984.0479  0.050  -46.765369  -39.000000  147.500000
Element: 26122 0 9999.  93.2491	0.00893832    26422  -2000.0  2000.0 2988.0479  0.050  -41.569218  -42.000000  147.500000
Element: 26123 0 9999.  85.6331	0.0101759    26423  -2000.0  2000.0 2932.0479  0.050  -36.373062  -45.000000  147.500000
Element: 26124 0 9999.  85.9086	0.00742608    26424  -2000.0  2000.0 3000.0479  0.050  -31.176912  -48.000000  147.500000
Element: 26125 0 9999.  85.7534	0.00766275    26425  -2000.0  2000.0 3020.0479  0.050  -25.980761  -51.000000  147.500000
Element: 26126 0 9999.  85.8209	0.00879311    26426  -2000.0  2000.0 2960.0479  0.050  -20.784609  -54.000000  147.500000
Element: 26127 0 9999.  85.6424	0.00783103    26427  -2000.0  2000.0 2980.0479  0.050  -15.588456  -57.000000  147.500000
Element: 26128 0 9999.  85.925	0.0108229    26428  -2000.0  2000.0 2972.0479  0.050  -10.392304  -60.000000  147.500000
Element: 27001 0 9999.  85.6447	0.0130583    27301  -2000.0  2000.0 2913.1422  0.05000    0.000000   -6.000000  147.500000
Element: 27002 0 9999.  85.4959	0.0202718    27302  -2000.0  2000.0 2886.3795  0.05000    0.000000  -12.000000  147.500000
Element: 27003 0 9999.  85.2563	0.0118851    27303  -2000.0  2000.0 2904.6611  0.05000    5.196152   -9.000000  147.500000
Element: 27004 0 9999.  85.3806	0.0187954    27304  -2000.0  2000.0 2905.7220  0.05000    0.000000  -18.000000  147.500000
Element: 27005 0 9999.  85.1728	0.0197691    27305  -2000.0  2000.0 2876.2659  0.05000    5.196152  -15.000000  147.500000
Element: 27006 0 9999.  85.7436	0.0166162    27306  -2000.0  2000.0 2903.8684  0.05000   10.392304  -12.000000  147.500000
Element: 27007 0 9999.  85.6899	0.0163578    27307  -2000.0  2000.0 2873.6130  0.05000    0.000000  -24.000000  147.500000
Element: 27008 0 9999.  85.5016	0.020466    27308  -2000.0  2000.0 2941.3597  0.05000    5.196152  -21.000000  147.500000
Element: 27009 0 9999.  86.449	0.0304179    27309  -2000.0  2000.0 2870.0171  0.05000   10.392304  -18.000000  147.500000
Element: 27010 0 9999.  94.1763	0.0134469    27310  -2000.0  2000.0 2879.6221  0.05000   15.588456  -15.000000  147.500000
Element: 27011 0 9999.  86.3843	0.0165252    27311  -2000.0  2000.0 2855.9750  0.05000    0.000000  -30.000000  147.500000
Element: 27012 0 9999.  95.4213	0.025367    27312  -2000.0  2000.0 2841.3668  0.05000    5.196152  -27.000000  147.500000
Element: 27013 0 9999.  85.6581	0.019368    27313  -2000.0  2000.0 2894.8954  0.05000   10.392304  -24.000000  147.500000
Element: 27014 0 9999.  85.6288	0.0160024    27314  -2000.0  2000.0 2855.8923  0.05000   15.588456  -21.000000  147.500000
Element: 27015 0 9999.  86.163	0.0181005    27315  -2000.0  2000.0 2858.6204  0.05000   20.784609  -18.000000  147.500000
Element: 27016 0 9999.  86.1848	0.0183292    27316  -2000.0  2000.0 2820.5337  0.05000    0.000000  -36.000000  147.500000
Element: 27017 0 9999.  85.8689	0.0221089    27317  -2000.0  2000.0 2896.8220  0.05000    5.196152  -33.000000  147.500000
Element: 27018 0 9999.  86.4692	0.0210076    27318  -2000.0  2000.0 2902.8682  0.05000   10.392304  -30.000000  147.500000
Element: 27019 0 9999.  86.2659	0.0210828    27319  -2000.0  2000.0 2871.4324  0.05000   15.588456  -27.000000  147.500000
Element: 27020 0 9999.  85.4904	0.0185596    27320  -2000.0  2000.0 2858.5161  0.05000   20.784609  -24.000000  147.500000
Element: 27021 0 9999.  85.5431	0.0204534    27321  -2000.0  2000.0 2877.4531  0.05000   25.980761  -21.000000  147.500000
Element: 27022 0 9999.  86.3995	0.0156271    27322  -2000.0  2000.0 2863.7325  0.05000    0.000000  -42.000000  147.500000
Element: 27023 0 9999.  85.816	0.0140783    27323  -2000.0  2000.0 2849.9530  0.05000    5.196152  -39.000000  147.500000
Element: 27024 0 9999.  85.6789	0.011547    27324  -2000.0  2000.0 2882.8622  0.05000   10.392304  -36.000000  147.500000
Element: 27025 0 9999.  86.1006	0.0164878    27325  -2000.0  2000.0 2850.9215  0.05000   15.588456  -33.000000  147.500000
Element: 27026 0 9999.  85.7627	0.0160237    27326  -2000.0  2000.0 2871.6916  0.05000   20.784609  -30.000000  147.500000
Element: 27027 0 9999.  85.6449	0.0159359    27327  -2000.0  2000.0 2841.6077  0.05000   25.980761  -27.000000  147.500000
Element: 27028 0 9999.  85.3692	0.0126076    27328  -2000.0  2000.0 2851.7246  0.05000   31.176912  -24.000000  147.500000
Element: 27029 0 9999.  85.4448	0.0147587    27329  -2000.0  2000.0 2842.0670  0.05000    0.000000  -48.000000  147.500000
Element: 27030 0 9999.  86.2062	0.01751    27330  -2000.0  2000.0 2853.0212  0.05000    5.196152  -45.000000  147.500000
Element: 27031 0 9999.  85.368	0.0162812    27331  -2000.0  2000.0 2886.5634  0.05000   10.392304  -42.000000  147.500000
Element: 27032 0 9999.  85.9702	0.0149477    27332  -2000.0  2000.0 2884.0983  0.05000   15.588456  -39.000000  147.500000
Element: 27033 0 9999.  86.0455	0.0218756    27333  -2000.0  2000.0 2850.4384  0.05000   20.784609  -36.000000  147.500000
Element: 27034 0 9999.  85.5164	0.0168631    27334  -2000.0  2000.0 2887.5118  0.05000   25.980761  -33.000000  147.500000
Element: 27035 0 9999.  85.5516	0.0498881    27335  -2000.0  2000.0 2865.4413  0.05000   31.176912  -30.000000  147.500000
Element: 27036 0 9999.  86.1657	0.0112095    27336  -2000.0  2000.0 2898.5240  0.05000   36.373062  -27.000000  147.500000
Element: 27037 0 9999.  86.3536	0.0119765    27337  -2000.0  2000.0 2865.8705  0.05000    0.000000  -54.000000  147.500000
Element: 27038 0 9999.  86.0337	0.020383    27338  -2000.0  2000.0 2863.0139  0.05000    5.196152  -51.000000  147.500000
Element: 27039 0 9999.  85.7273	0.019814    27339  -2000.0  2000.0 2862.8284  0.05000   10.392304  -48.000000  147.500000
Element: 27040 0 9999.  85.5965	0.0104458    27340  -2000.0  2000.0 2881.5144  0.05000   15.588456  -45.000000  147.500000
Element: 27041 0 9999.  86.2305	0.0147477    27341  -2000.0  2000.0 2870.7473  0.05000   20.784609  -42.000000  147.500000
Element: 27042 0 9999.  85.6895	0.0204291    27342  -2000.0  2000.0 2859.0262  0.05000   25.980761  -39.000000  147.500000
Element: 27043 0 9999.  85.3115	0.0111742    27343  -2000.0  2000.0 2859.7924  0.05000   31.176912  -36.000000  147.500000
Element: 27044 0 9999.  86.4861	0.0182874    27344  -2000.0  2000.0 2853.5239  0.05000   36.373062  -33.000000  147.500000
Element: 27045 0 9999.  85.8069	0.018002    27345  -2000.0  2000.0 2847.2804  0.05000   41.569218  -30.000000  147.500000
Element: 27046 0 9999.  85.5212	0.0205817    27346  -2000.0  2000.0 2844.5986  0.05000    0.000000  -60.000000  147.500000
Element: 27047 0 9999.  85.7339	0.0129939    27347  -2000.0  2000.0 2868.2399  0.05000    5.196152  -57.000000  147.500000
Element: 27048 0 9999.  85.9951	0.020029    27348  -2000.0  2000.0 2869.5458  0.05000   10.392304  -54.000000  147.500000
Element: 27049 0 9999.  85.5792	0.00742645    27349  -2000.0  2000.0 2853.2776  0.05000   15.588456  -51.000000  147.500000
Element: 27050 0 9999.  85.347	0.00779164    27350  -2000.0  2000.0 2820.5063  0.05000   20.784609  -48.000000  147.500000
Element: 27051 0 9999.  84.7775	0.00685501    27351  -2000.0  2000.0 2829.7623  0.05000   25.980761  -45.000000  147.500000
Element: 27052 0 9999.  85.7821	0.00785806    27352  -2000.0  2000.0 2838.9432  0.05000   31.176912  -42.000000  147.500000
Element: 27053 0 9999.  85.4369	0.00776876    27353  -2000.0  2000.0 2853.9678  0.05000   36.373062  -39.000000  147.500000
Element: 27054 0 9999.  84.842	0.00643874    27354  -2000.0  2000.0 2852.1404  0.05000   41.569218  -36.000000  147.500000
Element: 27055 0 9999.  85.5671	0.00645207    27355  -2000.0  2000.0 2829.1295  0.05000   46.765369  -33.000000  147.500000
Element: 27056 0 9999.  85.4069	0.00595176    27356  -2000.0  2000.0 2809.7114  0.05000   10.392304  -60.000000  147.500000
Element: 27057 0 9999.  85.5458	0.00713822    27357  -2000.0  2000.0 2830.7463  0.05000   15.588456  -57.000000  147.500000
Element: 27058 0 9999.  85.7086	0.00706315    27358  -2000.0  2000.0 2816.5331  0.05000   20.784609  -54.000000  147.500000
Element: 27059 0 9999.  86.431	0.00742858    27359  -2000.0  2000.0 2826.0085  0.05000   25.980761  -51.000000  147.500000
Element: 27060 0 9999.  86.6991	0.0160101    27360  -2000.0  2000.0 2792.0479  0.05000   31.176912  -48.000000  147.500000
Element: 27065 0 9999.  85.7544	0.0241424    27365  -2000.0  2000.0 2713.1295  0.05000   36.373062  -45.000000  147.500000
Element: 27062 0 9999.  86.7692	0.011301    27362  -2000.0  2000.0 2768.3291  0.05000   41.569218  -42.000000  147.500000
Element: 27063 0 9999.  86.4256	0.0113266    27363  -2000.0  2000.0 2785.8490  0.05000   46.765369  -39.000000  147.500000
Element: 27064 0 9999.  86.4544	0.0065321    27364  -2000.0  2000.0 2729.9430  0.05000   51.961521  -36.000000  147.500000
Element: 27061 0 9999.  86.2651	0.0127487    27361  -2000.0  2000.0 2786.2191  0.05000    5.196152   -3.000000  147.500000
Element: 27066 0 9999.  86.2197	0.0106508    27366  -2000.0  2000.0 2809.7114  0.05000   10.392304   -6.000000  147.500000
Element: 27067 0 9999.  85.9387	0.00905016    27367  -2000.0  2000.0 2866.7463  0.05000   10.392304    0.000000  147.500000
Element: 28099 0 9999.  85.2847	0.00905299    28399  -2000.0  2000.0 2626.0085  0.05000   15.588456   -9.000000  147.500000
Element: 27069 0 9999.  86.5378	0.0128323    27369  -2000.0  2000.0 2814.0085  0.05000   15.588456   -3.000000  147.500000
Element: 27070 0 9999.  85.9082	0.0210614    27370  -2000.0  2000.0 2792.0479  0.05000   15.588456    3.000000  147.500000
Element: 27071 0 9999.  86.5608	0.00954546    27371  -2000.0  2000.0 2846.2191  0.05000   20.784609  -12.000000  147.500000
Element: 27072 0 9999.  85.9781	0.0161018    27372  -2000.0  2000.0 2812.3291  0.05000   20.784609   -6.000000  147.500000
Element: 27073 0 9999.  86.6094	0.0110243    27373  -2000.0  2000.0 2865.8490  0.05000   20.784609    0.000000  147.500000
Element: 27074 0 9999.  86.0556	0.0144739    27374  -2000.0  2000.0 2841.9430  0.05000   20.784609    6.000000  147.500000
Element: 27075 0 9999.  86.7466	0.00886174    27375  -2000.0  2000.0 2845.1295  0.05000   25.980761  -15.000000  147.500000
Element: 28037 0 9999.  86.4325	0.0407174    28337  -2000.0  2000.0 2597.8705  0.05000   25.980761   -9.000000  147.500000
Element: 27077 0 9999.  86.8304	0.0212393    27377  -2000.0  2000.0 2734.7463  0.05000   25.980761   -3.000000  147.500000
Element: 27078 0 9999.  85.7328	0.00895322    27378  -2000.0  2000.0 2844.5331  0.05000   25.980761    3.000000  147.500000
Element: 27079 0 9999.  86.3405	0.00794311    27379  -2000.0  2000.0 2846.0085  0.05000   25.980761    9.000000  147.500000
Element: 27080 0 9999.  85.8759	0.0119021    27380  -2000.0  2000.0 2808.0479  0.05000   31.176912  -18.000000  147.500000
Element: 27081 0 9999.  85.2921	0.00697997    27381  -2000.0  2000.0 2910.2191  0.05000   31.176912  -12.000000  147.500000
Element: 27082 0 9999.  85.4202	0.00688033    27382  -2000.0  2000.0 2916.3291  0.05000   31.176912   -6.000000  147.500000
Element: 27083 0 9999.  86.0229	0.00689324    27383  -2000.0  2000.0 2933.8490  0.05000   31.176912    0.000000  147.500000
Element: 27084 0 9999.  86.1817	0.00762314    27384  -2000.0  2000.0 2885.9430  0.05000   31.176912    6.000000  147.500000
Element: 27085 0 9999.  86.3712	0.00623249    27385  -2000.0  2000.0 2901.1295  0.05000   31.176912   12.000000  147.500000
Element: 27086 0 9999.  95.7068	0.00705696    27386  -2000.0  2000.0 2905.7114  0.05000   36.373062  -21.000000  147.500000
Element: 27087 0 9999.  86.3546	0.00610528    27387  -2000.0  2000.0 2890.7463  0.05000   36.373062  -15.000000  147.500000
Element: 27088 0 9999.  86.0314	0.00623525    27388  -2000.0  2000.0 2900.5331  0.05000   36.373062   -9.000000  147.500000
Element: 27089 0 9999.  86.2616	0.00654225    27389  -2000.0  2000.0 2890.0085  0.05000   36.373062   -3.000000  147.500000
Element: 27090 0 9999.  86.6472	0.00603126    27390  -2000.0  2000.0 2864.0479  0.05000   36.373062    3.000000  147.500000
Element: 27091 0 9999.  86.1244	0.00615736    27391  -2000.0  2000.0 2914.2191  0.05000   36.373062    9.000000  147.500000
Element: 27092 0 9999.  86.0552	0.00670983    27392  -2000.0  2000.0 2888.3291  0.05000   36.373062   15.000000  147.500000
Element: 27093 0 9999.  85.7786	0.00703949    27393  -2000.0  2000.0 2861.8490  0.05000   41.569218  -24.000000  147.500000
Element: 27094 0 9999.  86.1372	0.00998205    27394  -2000.0  2000.0 2889.9430  0.05000   41.569218  -18.000000  147.500000
Element: 27095 0 9999.  86.1343	0.0058409    27395  -2000.0  2000.0 2893.1295  0.05000   41.569218  -12.000000  147.500000
Element: 27096 0 9999.  85.888	0.00640976    27396  -2000.0  2000.0 2837.7114  0.05000   41.569218   -6.000000  147.500000
Element: 27097 0 9999.  86.8375	0.0137071    27397  -2000.0  2000.0 2822.7463  0.05000   41.569218    0.000000  147.500000
Element: 27098 0 9999.  86.7307	0.00975637    27398  -2000.0  2000.0 2824.5331  0.05000   41.569218    6.000000  147.500000
Element: 27099 0 9999.  86.6713	0.0110192    27399  -2000.0  2000.0 2830.0085  0.05000   41.569218   12.000000  147.500000
Element: 27100 0 9999.  86.5604	0.00926812    27400  -2000.0  2000.0 2812.0479  0.05000   41.569218   18.000000  147.500000
Element: 27101 0 9999.  86.0329	0.00902306    27401  -2000.0  2000.0 2836.0479  0.05000   46.765369  -27.000000  147.500000
Element: 27102 0 9999.  86.0587	0.00800396    27402  -2000.0  2000.0 2796.0479  0.05000   46.765369  -21.000000  147.500000
Element: 27103 0 9999.  86.2043	0.0100703    27403  -2000.0  2000.0 2820.0479  0.05000   46.765369  -15.000000  147.500000
Element: 27104 0 9999.  86.0146	0.00856193    27404  -2000.0  2000.0 2860.0479  0.05000   46.765369   -9.000000  147.500000
Element: 27105 0 9999.  85.4067	0.00947439    27405  -2000.0  2000.0 2836.0479  0.05000   46.765369   -3.000000  147.500000
Element: 27106 0 9999.  85.6537	0.0096175    27406  -2000.0  2000.0 2852.0479  0.05000   46.765369    3.000000  147.500000
Element: 27107 0 9999.  85.2901	0.00990301    27407  -2000.0  2000.0 2856.0479  0.05000   46.765369    9.000000  147.500000
Element: 27108 0 9999.  85.434	0.00895612    27408  -2000.0  2000.0 2852.0479  0.05000   46.765369   15.000000  147.500000
Element: 27109 0 9999.  85.7717	0.0116267    27409  -2000.0  2000.0 2820.0479  0.05000   46.765369   21.000000  147.500000
Element: 27110 0 9999.  86.2297	0.00776727    27410  -2000.0  2000.0 2860.0479  0.05000   51.961521  -30.000000  147.500000
Element: 27111 0 9999.  85.8943	0.00820302    27411  -2000.0  2000.0 2868.0479  0.05000   51.961521  -24.000000  147.500000
Element: 27112 0 9999.  104.642	0.0103849    27412  -2000.0  2000.0 2820.0479  0.05000   51.961521  -18.000000  147.500000
Element: 27113 0 9999.  85.9821	0.00712638    27413  -2000.0  2000.0 2840.0479  0.05000   51.961521  -12.000000  147.500000
Element: 27114 0 9999.  86.7194	0.00721553    27414  -2000.0  2000.0 2832.0479  0.05000   51.961521   -6.000000  147.500000
Element: 28052 0 9999.  85.9564	0.00713222    28352  -2000.0  2000.0 2614.9432  0.05000   51.961521    0.000000  147.500000
Element: 28033 0 9999.  86.7339	0.0115868    28333  -2000.0  2000.0 2582.4384  0.05000   51.961521    6.000000  147.500000
Element: 27117 0 9999.  86.1787	0.0086169    27417  -2000.0  2000.0 2860.0479  0.05000   51.961521   12.000000  147.500000
Element: 27118 0 9999.  85.5431	0.0097624    27418  -2000.0  2000.0 2820.0479  0.05000   51.961521   18.000000  147.500000
Element: 27119 0 9999.  86.263	0.00590276    27419  -2000.0  2000.0 2828.0479  0.05000   51.961521   24.000000  147.500000
Element: 27120 0 9999.  87.4469	0.00592121    27420  -2000.0  2000.0 2756.0479  0.05000   57.157672  -27.000000  147.500000
Element: 27121 0 9999.  86.1844	0.00584588    27421  -2000.0  2000.0 2844.0479  0.05000   57.157662  -21.000000  147.500000
Element: 27122 0 9999.  86.187	0.00642101    27422  -2000.0  2000.0 2848.0479  0.05000   57.157662  -15.000000  147.500000
Element: 27123 0 9999.  86.3649	0.00551539    27423  -2000.0  2000.0 2828.0479  0.05000   57.157662   -9.000000  147.500000
Element: 27124 0 9999.  86.9997	0.00784553    27424  -2000.0  2000.0 2872.0479  0.05000   57.157662   -3.000000  147.500000
Element: 27125 0 9999.  87.2102	0.0113476    27425  -2000.0  2000.0 2868.0479  0.05000   57.157662    3.000000  147.500000
Element: 27126 0 9999.  86.3015	0.0834209    27426  -2000.0  2000.0 2832.0479  0.05000   57.157662    9.000000  147.500000
Element: 26042 0 9999.  85.8593	0.0213294    26342  -2000.0  2000.0 2883.0262  0.05000   57.157662   15.000000  147.500000
Element: 27128 0 9999.  86.9083	0.00921822    27428  -2000.0  2000.0 2820.0479  0.05000   57.157662   21.000000  147.500000
Element: 28001 0 9999.  86.1218	0.0128198    28301  -2000.0  2000.0 2601.1422  0.05000    5.196152    3.000000  147.500000
Element: 28002 0 9999.  85.5471	0.0282261    28302  -2000.0  2000.0 2674.3795  0.05000   10.392304    6.000000  147.500000 
Element: 28003 0 9999.  86.4515	0.0314382    28303  -2000.0  2000.0 2676.6611  0.05000    5.196152    9.000000  147.500000
Element: 28004 0 9999.  85.0387	0.0239471    28304  -2000.0  2000.0 2657.7220  0.05000   15.588456    9.000000  147.500000 
Element: 28005 0 9999.  85.8139	0.0225765    28305  -2000.0  2000.0 2688.2659  0.05000   10.392304   12.000000  147.500000 
Element: 28006 0 9999.  86.1838	0.0281697    28306  -2000.0  2000.0 2695.8684  0.05000    5.196152   15.000000  147.500000 
Element: 28007 0 9999.  85.4355	0.0268473    28307  -2000.0  2000.0 2689.6130  0.05000   20.784609   12.000000  147.500000 
Element: 28008 0 9999.  85.7313	0.0276286    28308  -2000.0  2000.0 2309.3597  0.05000   15.588456   15.000000  147.500000 
Element: 28009 0 9999.  86.0981	0.0195599    28309  -2000.0  2000.0 2750.0171  0.05000   10.392304   18.000000  147.500000 
Element: 28010 0 9999.  85.368	0.0180909    28310  -2000.0  2000.0 2743.6221  0.05000    5.196152   21.000000  147.500000 
Element: 28011 0 9999.  86.2835	0.0276088    28311  -2000.0  2000.0 2739.9750  0.05000   25.980761   15.000000  147.500000 
Element: 28012 0 9999.  85.6856	0.0221753    28312  -2000.0  2000.0 2689.3668  0.05000   20.784609   18.000000  147.500000 
Element: 28013 0 9999.  86.2394	0.022274    28313  -2000.0  2000.0 2710.8954  0.05000   15.588456   21.000000  147.500000 
Element: 28014 0 9999.  86.0222	0.0189644    28314  -2000.0  2000.0 2731.8923  0.05000   10.392304   24.000000  147.500000 
Element: 28015 0 9999.  85.7962	0.0210583    28315  -2000.0  2000.0 2726.6204  0.05000    5.196152   27.000000  147.500000 
Element: 28016 0 9999.  85.4569	0.0197701    28316  -2000.0  2000.0 2692.5337  0.05000   31.176912   18.000000  147.500000 
Element: 28017 0 9999.  86.1368	0.0114836    28317  -2000.0  2000.0 2752.8220  0.05000   25.980761   21.000000  147.500000 
Element: 28018 0 9999.  85.9722	0.00992756    28318  -2000.0  2000.0 2718.8682  0.05000   20.784609   24.000000  147.500000 
Element: 28019 0 9999.  86.0427	0.0128154    28319  -2000.0  2000.0 2707.4324  0.05000   15.588456   27.000000  147.500000 
Element: 28020 0 9999.  85.4871	0.0118212    28320  -2000.0  2000.0 2698.5161  0.05000   10.392304   30.000000  147.500000 
Element: 28021 0 9999.  86.1461	0.0109956    28321  -2000.0  2000.0 2717.4531  0.05000    5.196152   33.000000  147.500000 
Element: 28022 0 9999.  85.9625	0.0129918    28322  -2000.0  2000.0 2695.7325  0.05000   36.373062   21.000000  147.500000 
Element: 28023 0 9999.  86.4443	0.00990848    28323  -2000.0  2000.0 2693.9530  0.05000   31.176912   24.000000  147.500000 
Element: 28024 0 9999.  85.4292	0.00987744    28324  -2000.0  2000.0 2646.8622  0.05000   25.980761   27.000000  147.500000 
Element: 28025 0 9999.  86.2853	0.0110259    28325  -2000.0  2000.0 2734.9215  0.05000   20.784609   30.000000  147.500000 
Element: 28026 0 9999.  86.2651	0.0111068    28326  -2000.0  2000.0 2755.6916  0.05000   15.588456   33.000000  147.500000 
Element: 28027 0 9999.  85.6719	0.0165694    28327  -2000.0  2000.0 2741.6077  0.05000   10.392304   36.000000  147.500000 
Element: 28028 0 9999.  85.7226	0.0116031    28328  -2000.0  2000.0 2735.7246  0.05000    5.196152   39.000000  147.500000 
Element: 28029 0 9999.  85.9339	0.0233582    28329  -2000.0  2000.0 2710.0670  0.05000   41.569218   24.000000  147.500000 
Element: 28030 0 9999.  85.7026	0.00925508    28330  -2000.0  2000.0 2729.0212  0.05000   36.373062   27.000000  147.500000 
Element: 28031 0 9999.  86.0042	0.0122029    28331  -2000.0  2000.0 2710.5634  0.05000   31.176912   30.000000  147.500000 
Element: 28032 0 9999.  85.946	0.00977287    28332  -2000.0  2000.0 2728.0983  0.05000   25.980761   33.000000  147.500000 
Element: 27116 0 9999.  85.0627	0.00762611    27416  -2000.0  2000.0 2764.0479  0.05000   20.784609   36.000000  147.500000 
Element: 28034 0 9999.  85.5663	0.0125725    28334  -2000.0  2000.0 2639.5118  0.05000   15.588456   39.000000  147.500000 
Element: 28035 0 9999.  85.2313	0.0168107    28335  -2000.0  2000.0 2713.4413  0.05000   10.392304   42.000000  147.500000 
Element: 28036 0 9999.  85.2736	0.00738271    28336  -2000.0  2000.0 2658.5240  0.05000    5.196152   45.000000  147.500000 
Element: 27076 0 9999.  85.4743	0.00974    27376  -2000.0  2000.0 2761.7114  0.05000   46.765369   27.000000  147.500000 
Element: 28038 0 9999.  85.33	0.0182672    28338  -2000.0  2000.0 2703.0139  0.05000   41.569218   30.000000  147.500000 
Element: 28039 0 9999.  85.3006	0.0158976    28339  -2000.0  2000.0 2718.8284  0.05000   36.373062   33.000000  147.500000 
Element: 28040 0 9999.  85.5431	0.0129173    28340  -2000.0  2000.0 2705.5144  0.05000   31.176912   36.000000  147.500000 
Element: 28041 0 9999.  85.7805	0.0218319    28341  -2000.0  2000.0 2710.7473  0.05000   25.980761   39.000000  147.500000 
Element: 28042 0 9999.  85.966	0.0155212    28342  -2000.0  2000.0 2695.0262  0.05000   20.784609   42.000000  147.500000 
Element: 28043 0 9999.  85.891	0.0117698    28343  -2000.0  2000.0 2695.7924  0.05000   15.588456   45.000000  147.500000 
Element: 28044 0 9999.  85.6188	0.0108529    28344  -2000.0  2000.0 2677.5239  0.05000   10.392304   48.000000  147.500000 
Element: 28045 0 9999.  86.0721	0.0129018    28345  -2000.0  2000.0 2695.2804  0.05000    5.196152   51.000000  147.500000 
Element: 28046 0 9999.  85.7735	0.00988051    28346  -2000.0  2000.0 2664.5986  0.05000   51.961521   30.000000  147.500000 
Element: 28047 0 9999.  85.5878	0.0121005    28347  -2000.0  2000.0 2656.2399  0.05000   46.765369   33.000000  147.500000 
Element: 28048 0 9999.  85.2967	0.0141714    28348  -2000.0  2000.0 2637.5458  0.05000   41.569218   36.000000  147.500000 
Element: 28049 0 9999.  85.8028	0.0232835    28349  -2000.0  2000.0 2721.2776  0.05000   36.373062   39.000000  147.500000 
Element: 28050 0 9999.  86.2106	0.0196929    28350  -2000.0  2000.0 2744.5063  0.05000   31.176912   42.000000  147.500000 
Element: 28051 0 9999.  85.0958	0.0158056    28351  -2000.0  2000.0 2749.7623  0.05000   25.980761   45.000000  147.500000 
Element: 27115 0 9999.  86.5961	0.0188272    27415  -2000.0  2000.0 2792.0479  0.05000   20.784609   48.000000  147.500000 
Element: 28053 0 9999.  85.8125	0.0139859    28353  -2000.0  2000.0 2729.9678  0.05000   15.588456   51.000000  147.500000 
Element: 28054 0 9999.  85.8402	0.0154409    28354  -2000.0  2000.0 2728.1404  0.05000   10.392304   54.000000  147.500000 
Element: 28055 0 9999.  85.5296	0.0113303    28355  -2000.0  2000.0 2745.1295  0.05000    5.196152   57.000000  147.500000 
Element: 28056 0 9999.  85.6136	0.0172632    28356  -2000.0  2000.0 2705.7114  0.05000   51.961521   36.000000  147.500000 
Element: 28057 0 9999.  86.2055	0.0103938    28357  -2000.0  2000.0 2702.7463  0.05000   46.765369   39.000000  147.500000 
Element: 28058 0 9999.  86.2312	0.0157974    28358  -2000.0  2000.0 2680.5331  0.05000   41.569218   42.000000  147.500000 
Element: 28059 0 9999.  86.0314	0.0202236    28359  -2000.0  2000.0 2698.0085  0.05000   36.373062   45.000000  147.500000 
Element: 28060 0 9999.  85.7189	0.0125292    28360  -2000.0  2000.0 2700.0479  0.05000   31.176912   48.000000  147.500000 
Element: 28061 0 9999.  85.7674	0.0430226    28361  -2000.0  2000.0 2690.2191  0.05000   25.980761   51.000000  147.500000 
Element: 28062 0 9999.  85.536	0.0177889    28362  -2000.0  2000.0 2660.3291  0.05000   20.784609   54.000000  147.500000 
Element: 28063 0 9999.  85.734	0.0114723    28363  -2000.0  2000.0 2713.8490  0.05000   15.588456   57.000000  147.500000 
Element: 28064 0 9999.  85.595	0.00914136    28364  -2000.0  2000.0 2713.9430  0.05000   10.392304   60.000000  147.500000 
Element: 28065 0 9999.  86.0295	0.0128658    28365  -2000.0  2000.0 2677.1295  0.05000    0.000000    6.000000  147.500000
Element: 28066 0 9999.  85.6507	0.0473809    28366  -2000.0  2000.0 2681.7114  0.05000    0.000000   12.000000  147.500000
Element: 28067 0 9999.  86.4384	0.0410739    28367  -2000.0  2000.0 2650.7463  0.05000   -5.196152    9.000000  147.500000
Element: 28068 0 9999.  86.5991	0.0181795    28368  -2000.0  2000.0 2692.5331  0.05000    0.000000   18.000000  147.500000
Element: 28069 0 9999.  91.1759	0.0161236    28369  -2000.0  2000.0 2690.0085  0.05000   -5.196152   15.000000  147.500000
Element: 28070 0 9999.  87.4213	0.0173015    28370  -2000.0  2000.0 2680.0479  0.05000  -10.392304   12.000000  147.500000
Element: 28071 0 9999.  86.4479	0.0141796    28371  -2000.0  2000.0 2702.2191  0.05000    0.000000   24.000000  147.500000
Element: 28072 0 9999.  86.1501	0.0185932    28372  -2000.0  2000.0 2676.3291  0.05000   -5.196152   21.000000  147.500000
Element: 28073 0 9999.  85.7784	0.0144598    28373  -2000.0  2000.0 2657.8490  0.05000  -10.392304   18.000000  147.500000
Element: 28074 0 9999.  85.2325	0.0335172    28374  -2000.0  2000.0 2633.9430  0.05000  -15.588456   15.000000  147.500000
Element: 28075 0 9999.  85.4038	0.0172131    28375  -2000.0  2000.0 2661.1295  0.05000    0.000000   30.000000  147.500000
Element: 28076 0 9999.  84.9686	0.0158375    28376  -2000.0  2000.0 2637.7114  0.05000   -5.196152   27.000000  147.500000
Element: 28077 0 9999.  85.2103	0.014252    28377  -2000.0  2000.0 2654.7463  0.05000  -10.392304   24.000000  147.500000
Element: 28078 0 9999.  85.5382	0.0427477    28378  -2000.0  2000.0 2644.5331  0.05000  -15.588456   21.000000  147.500000
Element: 28079 0 9999.  85.2694	0.0379249    28379  -2000.0  2000.0 2646.0085  0.05000  -20.784609   18.000000  147.500000
Element: 28080 0 9999.  85.4159	0.0197936    28380  -2000.0  2000.0 2532.0479  0.05000    0.000000   36.000000  147.500000
Element: 28081 0 9999.  86.1254	0.0349233    28381  -2000.0  2000.0 2694.2191  0.05000   -5.196152   33.000000  147.500000
Element: 28082 0 9999.  94.4853	0.00931913    28382  -2000.0  2000.0 2632.3291  0.05000  -10.392304   30.000000  147.500000
Element: 28083 0 9999.  86.1007	0.0429999    28383  -2000.0  2000.0 2689.8490  0.05000  -15.588456   27.000000  147.500000
Element: 28084 0 9999.  86.0141	0.0366954    28384  -2000.0  2000.0 2685.9430  0.05000  -20.784609   24.000000  147.500000
Element: 28085 0 9999.  85.7822	0.0246671    28385  -2000.0  2000.0 2669.1295  0.05000  -25.980761   21.000000  147.500000
Element: 28086 0 9999.  85.858	0.052672    28386  -2000.0  2000.0 2673.7114  0.05000    0.000000   42.000000  147.500000
Element: 28087 0 9999.  87.0097	0.0255654    28387  -2000.0  2000.0 2678.7463  0.05000   -5.196152   39.000000  147.500000
Element: 28088 0 9999.  94.3368	0.0334106    28388  -2000.0  2000.0 2688.5331  0.05000  -10.392304   36.000000  147.500000
Element: 28089 0 9999.  88.0148	0.0208235    28389  -2000.0  2000.0 2714.0085  0.05000  -15.588456   33.000000  147.500000
Element: 28090 0 9999.  85.9851	0.0596714    28390  -2000.0  2000.0 2720.0479  0.05000  -20.784609   30.000000  147.500000
Element: 28091 0 9999.  84.1216	0.0379453    28391  -2000.0  2000.0 2726.2191  0.05000  -25.980761   27.000000  147.500000
Element: 28092 0 9999.  90.8388	0.0281405    28392  -2000.0  2000.0 2672.3291  0.05000  -31.176912   24.000000  147.500000
Element: 28093 0 9999.  85.6907	0.0259729    28393  -2000.0  2000.0 2725.8490  0.05000    0.000000   48.000000  147.500000
Element: 26076 0 9999.  85.6801	0.0988124    26376  -2000.0  2000.0 2881.7114  0.05000   -5.196152   45.000000  147.500000
Element: 28095 0 9999.  86.4128	0.04584    28395  -2000.0  2000.0 2725.1295  0.05000  -10.392304   42.000000  147.500000
Element: 28096 0 9999.  85	0.0314799    28396  -2000.0  2000.0 2721.7114  0.05000  -15.588456   39.000000  147.500000
Element: 28097 0 9999.  86.5836	0.0163385    28397  -2000.0  2000.0 2698.7463  0.05000  -20.784609   36.000000  147.500000
Element: 28098 0 9999.  85.9383	0.0204008    28398  -2000.0  2000.0 2708.5331  0.05000  -25.980761   33.000000  147.500000
Element: 27068 0 9999.  86.0894	0.0304894    27368  -2000.0  2000.0 2768.5331  0.05000  -31.176912   30.000000  147.500000
Element: 28100 0 9999.  85.7801	0.0134898    28400  -2000.0  2000.0 2776.0479  0.05000  -36.373062   27.000000  147.500000
Element: 28101 0 9999.  85.726	0.0222001    28401  -2000.0  2000.0 2688.0479  0.05000    0.000000   54.000000  147.500000
Element: 28102 0 9999.  85.2874	0.0135481    28402  -2000.0  2000.0 2660.0479  0.05000   -5.196152   51.000000  147.500000
Element: 28103 0 9999.  85.3709	0.013061    28403  -2000.0  2000.0 2664.0479  0.05000  -10.392304   48.000000  147.500000
Element: 28104 0 9999.  85.6993	0.0143494    28404  -2000.0  2000.0 2696.0479  0.05000  -15.588456   45.000000  147.500000
Element: 28105 0 9999.  85.5239	0.0251543    28405  -2000.0  2000.0 2664.0479  0.05000  -20.784609   42.000000  147.500000
Element: 28106 0 9999.  85.8283	0.015696    28406  -2000.0  2000.0 2676.0479  0.05000  -25.980761   39.000000  147.500000
Element: 28107 0 9999.  93.3995	0.0149161    28407  -2000.0  2000.0 2688.0479  0.05000  -31.176912   36.000000  147.500000
Element: 28108 0 9999.  85.4483	0.0140251    28408  -2000.0  2000.0 2704.0479  0.05000  -36.373062   33.000000  147.500000
Element: 28109 0 9999.  86.3085	0.0209768    28409  -2000.0  2000.0 2656.0479  0.05000  -41.569218   30.000000  147.500000
Element: 28110 0 9999.  86.0918	0.0187011    28410  -2000.0  2000.0 2676.0479  0.05000    0.000000   60.000000  147.500000
Element: 28111 0 9999.  89.9456	0.0174789    28411  -2000.0  2000.0 2676.0479  0.05000   -5.196152   57.000000  147.500000
Element: 28112 0 9999.  85.4959	0.0170947    28412  -2000.0  2000.0 2672.0479  0.05000  -10.392304   54.000000  147.500000
Element: 28113 0 9999.  84.9491	0.00943258    28413  -2000.0  2000.0 2688.0479  0.05000  -15.588456   51.000000  147.500000
Element: 28114 0 9999.  86.0152	0.0113266    28414  -2000.0  2000.0 2688.0479  0.05000  -20.784609   48.000000  147.500000
Element: 28115 0 9999.  85.9545	0.00950941    28415  -2000.0  2000.0 2700.0479  0.05000  -25.980761   45.000000  147.500000
Element: 28116 0 9999.  84.8497	0.00906099    28416  -2000.0  2000.0 2680.0479  0.05000  -31.176912   42.000000  147.500000
Element: 28117 0 9999.  85.6446	0.00833394    28417  -2000.0  2000.0 2668.0479  0.05000  -36.373062   39.000000  147.500000
Element: 28118 0 9999.  85.7623	0.00785949    28418  -2000.0  2000.0 2568.0479  0.05000  -41.569218   36.000000  147.500000
Element: 28119 0 9999.  85.8073	0.00712592    28419  -2000.0  2000.0 2680.0479  0.05000  -46.765369   33.000000  147.500000
Element: 28120 0 9999.  86.041	0.00794581    28420  -2000.0  2000.0 2600.0479  0.05000  -10.392304   60.000000  147.500000
Element: 28121 0 9999.  85.8075	0.00928434    28421  -2000.0  2000.0 2660.0479  0.05000  -15.588456   57.000000  147.500000
Element: 28122 0 9999.  85.5467	0.00739362    28422  -2000.0  2000.0 2660.0479  0.05000  -20.784609   54.000000  147.500000
Element: 28123 0 9999.  86.8155	0.00799899    28423  -2000.0  2000.0 2684.0479  0.05000  -25.980761   51.000000  147.500000
Element: 28124 0 9999.  85.9311	0.00772735    28424  -2000.0  2000.0 2652.0479  0.05000  -31.176912   48.000000  147.500000
Element: 28125 0 9999.  85.6523	0.0128318    28425  -2000.0  2000.0 2672.0479  0.05000  -36.373064   45.000000  147.500000
Element: 28126 0 9999.  85.8545	0.0128237    28426  -2000.0  2000.0 2652.0479  0.05000  -41.569216   42.000000  147.500000
Element: 28127 0 9999.  85.5857	0.0114614    28427  -2000.0  2000.0 2668.0479  0.05000  -46.765368   39.000000  147.500000
Element: 28128 0 9999.  85.0758	0.00953964    28428  -2000.0  2000.0 2616.0479  0.05000  -51.961520   36.000000  147.500000
#
##
Initialise:
##
##
##      Histograming of basic detector stuff
##
## NaI Crystal hit multiplicity, 32 channels, range 0--32
##              Name            ch/low/high     imin/imax
#Display: 1D     Nhits           32 0 32
#Display: 1D	NADChits  	32 0 32
#Display: 1D	NTDChits  	32 0 32
#Display: 1D	TAPSDiscr	8192 0 8192
#Display: 1D	TAPSVeto	384 0 384
#Display: 1D	NPatternHits	48 0 48		0 1
##
## NaI hit frequency distribution, 720 elements, range 0 -- 720
##              Name            ch/low/high     imin/imax
Display: 1D     Hits            384 0 384
Display: 1D	ADCHits		384 0 384
Display: 1D	TDCHits		384 0 384
##
## Total Energy deposited in the array, 1000 channels, range 0 -- 200 MeV
##              Name            ch/low/high     imin/imax
#Display: 1D     Etot            5000  -5 10 
##
## Energy deposited in individual crystals, 200 channels, range 0 -- 400 MeV
## Make histogram for each element (0-509) of the CB
##              Name            ch/low/high     imin/imax(opt)
#Display: 1D    Energy          8000  -5 10     0 384
##
## Energy OR
#Display: 1D    EnergyOR        2000 -400 400
##      Cluster Histograms
##
##      1/2D    Name            Chan    Low     High    Imin    Imax
## Energy in each Cluster
## Make histogram for each element (0-509)  of the TAPS forward wall
##              Name            ch/low/high     imin/imax(opt)
#Display: 1D    ClEnergy        200 0 600       0 384
##
## Hit pattern within each cluster
##              Name            ch/low/high     imin/imax(opt)
#Display: 1D    ClHits          32 0 32         0 384
##
## # hits in each cluster
##              Name            ch/low/high     imin/imax(opt)
#Display: 1D    ClMulti         64 0 64         0 384
##
## # clusters detected per event
##              Name            ch/low/high     imin/imax(opt)
#Display: 1D     ClNhits         64 0 64         0 384
#Display: 1D    ClNhitsOR       16 0 16
##
## Cluster center distribution
##              Name            ch/low/high     imin/imax(opt)
#Display: 1D     ClTotHits       384 0 384
##
#         X-Name  X-ch/low/high/id  Y-Name  Y ch/low/high/id  Condition(opt)
#Display: 2D ClTheta  100 0 25 -1    ClPhi  180 -180 180 -1
#Display: 2D EnergyOR 2000 -400 200 -1    Hits   384  0 384 -1
#Display: 2D TimeOR   2000 -400 200 -1    Hits   384  0 384 -1
#Display: 1D TimeOR 2000 -200 200
#Display: 1D Time 4000 -400 400 0 384
#
#
