##     Ladder file with recalibration of electron energies
##     Generated by macro LadderNewCal.C, J.R.M. Annand, 11th November 2008
##     Offset-Scalers AcquRoot Detector file
##     Macro ScalerOffset, J.R.M. Annand, 28th March 2007
##  Auto-Generated Tagger-Ladder Config File
##  ROOT Macro DM_LadderGen.C D.M. 05/10/2010 
##  Adapdted from the file LadderGen.C by  J.R.M. Annand
##
##	#FP	Energy	Time	Pos
Size: 	352 	0 	1 	1
##	Scalers	Calib	Overlap	Micro	#trig	Toff	Tres
Misc:	1	1	1	0	0.0	5.0	0.0
##
Window: 16. 24. -20. -12. 
##
## G 0 - 31  Section AB
##
Element: 816 0.2 2.5 0.0 0.00050 1438M0 -250.0 150.0 -2000.0 0.1170 0 0 0 61.334 1.120 280
Element: 800 0.2 2.5 0.0 0.00050 1432M0 -250.0 150.0 -2000.0 0.1170 0 0 0 62.460 1.167 268
Element: 817 0.2 2.5 0.0 0.00050 1454M0 -250.0 150.0 -2000.0 0.1170 0 0 0 63.633 1.214 281
Element: 801 0.2 2.5 0.0 0.00050 1448M0 -250.0 150.0 -2000.0 0.1170 0 0 0 64.853 1.261 269
Element: 818 0.2 2.5 0.0 0.00050 1439M0 -250.0 150.0 -2000.0 0.1170 0 0 0 66.121 1.310 282
Element: 802 0.2 2.5 0.0 0.00050 1433M0 -250.0 150.0 -2000.0 0.1170 0 0 0 67.437 1.361 270
Element: 819 0.2 2.5 0.0 0.00050 1455M0 -250.0 150.0 -2000.0 0.1170 0 0 0 68.806 1.414 283
Element: 803 0.2 2.5 0.0 0.00050 1449M0 -250.0 150.0 -2000.0 0.1170 0 0 0 70.225 1.464 271
Element: 820 0.2 2.5 0.0 0.00050 1440M0 -250.0 150.0 -2000.0 0.1170 0 0 0 71.695 1.515 284
Element: 804 0.2 2.5 0.0 0.00050 1434M0 -250.0 150.0 -2000.0 0.1170 0 0 0 73.213 1.563 272
Element: 821 0.2 2.5 0.0 0.00050 1456M0 -250.0 150.0 -2000.0 0.1170 0 0 0 74.776 1.609 285
Element: 805 0.2 2.5 0.0 0.00050 1450M0 -250.0 150.0 -2000.0 0.1170 0 0 0 76.385 1.651 273
Element: 822 0.2 2.5 0.0 0.00050 1441M0 -250.0 150.0 -2000.0 0.1170 0 0 0 78.036 1.693 286
Element: 806 0.2 2.5 0.0 0.00050 1435M0 -250.0 150.0 -2000.0 0.1170 0 0 0 79.725 1.731 274
Element: 823 0.2 2.5 0.0 0.00050 1457M0 -250.0 150.0 -2000.0 0.1170 0 0 0 81.449 1.765 287
Element: 807 0.2 2.5 0.0 0.00050 1451M0 -250.0 150.0 -2000.0 0.1170 0 0 0 83.204 1.796 275
Element: 824 0.2 2.5 0.0 0.00050 1442M0 -250.0 150.0 -2000.0 0.1170 0 0 0 84.987 1.821 288
Element: 808 0.2 2.5 0.0 0.00050 1436M0 -250.0 150.0 -2000.0 0.1170 0 0 0 86.791 1.840 276
Element: 825 0.2 2.5 0.0 0.00050 1458M0 -250.0 150.0 -2000.0 0.1170 0 0 0 88.613 1.855 289
Element: 809 0.2 2.5 0.0 0.00050 1452M0 -250.0 150.0 -2000.0 0.1170 0 0 0 90.443 1.864 277
Element: 826 0.2 2.5 0.0 0.00050 1443M0 -250.0 150.0 -2000.0 0.1170 0 0 0 92.284 1.865 290
Element: 810 0.2 2.5 0.0 0.00050 1437M0 -250.0 150.0 -2000.0 0.1170 0 0 0 94.121 1.861 278
Element: 827 0.2 2.5 0.0 0.00050 1459M0 -250.0 150.0 -2000.0 0.1170 0 0 0 95.952 1.849 291
Element: 811 0.2 2.5 0.0 0.00050 1453M0 -250.0 150.0 -2000.0 0.1170 0 0 0 97.770 1.833 279
Element: 828 0.2 2.5 0.0 0.00050 1444M0 -250.0 150.0 -2000.0 0.1170 0 0 0 99.569 1.812 292
Element: 829 0.2 2.5 0.0 0.00050 1460M0 -250.0 150.0 -2000.0 0.1170 0 0 0 101.346 1.787 293
Element: 830 0.2 2.5 0.0 0.00050 1445M0 -250.0 150.0 -2000.0 0.1170 0 0 0 103.095 1.757 294
Element: 831 0.2 2.5 0.0 0.00050 1461M0 -250.0 150.0 -2000.0 0.1170 0 0 0 104.815 1.729 295
Element: 812 0.2 2.5 0.0 0.00050 1446M0 -250.0 150.0 -2000.0 0.1170 0 0 0 106.505 1.699 296
Element: 813 0.2 2.5 0.0 0.00050 1462M0 -250.0 150.0 -2000.0 0.1170 0 0 0 108.164 1.671 297
Element: 814 0.2 2.5 0.0 0.00050 1447M0 -250.0 150.0 -2000.0 0.1170 0 0 0 109.796 1.646 298
Element: 815 0.2 2.5 0.0 0.00050 1463M0 -250.0 150.0 -2000.0 0.1170 0 0 0 111.406 1.623 299
##
## G 32 - 63  Section CD
##
Element: 832 0.2 2.5 0.0 0.00050 1464M0 -250.0 150.0 -2000.0 0.1170 0 0 0 112.983 1.628 300
Element: 833 0.2 2.5 0.0 0.00050 1480M0 -250.0 150.0 -2000.0 0.1170 0 0 0 114.566 1.657 301
Element: 834 0.2 2.5 0.0 0.00050 1465M0 -250.0 150.0 -2000.0 0.1170 0 0 0 116.142 1.680 302
Element: 835 0.2 2.5 0.0 0.00050 1481M0 -250.0 150.0 -2000.0 0.1170 0 0 0 117.722 1.693 303
Element: 836 0.2 2.5 0.0 0.00050 1466M0 -250.0 150.0 -2000.0 0.1170 0 0 0 119.312 1.700 304
Element: 837 0.2 2.5 0.0 0.00050 1482M0 -250.0 150.0 -2000.0 0.1170 0 0 0 120.914 1.711 305
Element: 838 0.2 2.5 0.0 0.00050 1467M0 -250.0 150.0 -2000.0 0.1170 0 0 0 122.547 1.683 306
Element: 839 0.2 2.5 0.0 0.00050 1483M0 -250.0 150.0 -2000.0 0.1170 0 0 0 124.143 1.655 307
Element: 840 0.2 2.5 0.0 0.00050 1468M0 -250.0 150.0 -2000.0 0.1170 0 0 0 125.764 1.669 308
Element: 841 0.2 2.5 0.0 0.00050 1484M0 -250.0 150.0 -2000.0 0.1170 0 0 0 127.393 1.686 309
Element: 842 0.2 2.5 0.0 0.00050 1469M0 -250.0 150.0 -2000.0 0.1170 0 0 0 129.029 1.702 310
Element: 843 0.2 2.5 0.0 0.00050 1485M0 -250.0 150.0 -2000.0 0.1170 0 0 0 130.670 1.719 311
Element: 844 0.2 2.5 0.0 0.00050 1470M0 -250.0 150.0 -2000.0 0.1170 0 0 0 132.318 1.735 312
Element: 845 0.2 2.5 0.0 0.00050 1486M0 -250.0 150.0 -2000.0 0.1170 0 0 0 133.971 1.751 313
Element: 846 0.2 2.5 0.0 0.00050 1471M0 -250.0 150.0 -2000.0 0.1170 0 0 0 135.632 1.767 314
Element: 847 0.2 2.5 0.0 0.00050 1487M0 -250.0 150.0 -2000.0 0.1170 0 0 0 137.297 1.783 315
Element: 848 0.2 2.5 0.0 0.00050 1472M0 -250.0 150.0 -2000.0 0.1170 0 0 0 138.992 1.755 316
Element: 849 0.2 2.5 0.0 0.00050 1488M0 -250.0 150.0 -2000.0 0.1170 0 0 0 140.649 1.727 317
Element: 850 0.2 2.5 0.0 0.00050 1473M0 -250.0 150.0 -2000.0 0.1170 0 0 0 142.335 1.744 318
Element: 851 0.2 2.5 0.0 0.00050 1489M0 -250.0 150.0 -2000.0 0.1170 0 0 0 144.027 1.759 319
Element: 852 0.2 2.5 0.0 0.00050 1474M0 -250.0 150.0 -2000.0 0.1170 0 0 0 145.725 1.776 320
Element: 853 0.2 2.5 0.0 0.00050 1490M0 -250.0 150.0 -2000.0 0.1170 0 0 0 147.430 1.791 321
Element: 854 0.2 2.5 0.0 0.00050 1475M0 -250.0 150.0 -2000.0 0.1170 0 0 0 149.142 1.807 322
Element: 855 0.2 2.5 0.0 0.00050 1491M0 -250.0 150.0 -2000.0 0.1170 0 0 0 150.860 1.823 323
Element: 856 0.2 2.5 0.0 0.00050 1476M0 -250.0 150.0 -2000.0 0.1170 0 0 0 152.603 1.804 324
Element: 857 0.2 2.5 0.0 0.00050 1492M0 -250.0 150.0 -2000.0 0.1170 0 0 0 154.316 1.781 325
Element: 858 0.2 2.5 0.0 0.00050 1477M0 -250.0 150.0 -2000.0 0.1170 0 0 0 156.055 1.797 326
Element: 859 0.2 2.5 0.0 0.00050 1493M0 -250.0 150.0 -2000.0 0.1170 0 0 0 157.799 1.813 327
Element: 860 0.2 2.5 0.0 0.00050 1478M0 -250.0 150.0 -2000.0 0.1170 0 0 0 159.551 1.829 328
Element: 861 0.2 2.5 0.0 0.00050 1494M0 -250.0 150.0 -2000.0 0.1170 0 0 0 161.308 1.845 329
Element: 862 0.2 2.5 0.0 0.00050 1479M0 -250.0 150.0 -2000.0 0.1170 0 0 0 163.074 1.862 330
Element: 863 0.2 2.5 0.0 0.00050 1495M0 -250.0 150.0 -2000.0 0.1170 0 0 0 164.845 1.879 331
##
## G 64 - 95  Section EF
##
Element: 864 0.2 2.5 0.0 0.00050 1496M0 -250.0 150.0 -2000.0 0.1170 0 0 0 166.624 1.895 332
Element: 865 0.2 2.5 0.0 0.00050 1512M0 -250.0 150.0 -2000.0 0.1170 0 0 0 168.408 1.911 333
Element: 866 0.2 2.5 0.0 0.00050 1497M0 -250.0 150.0 -2000.0 0.1170 0 0 0 170.200 1.927 334
Element: 867 0.2 2.5 0.0 0.00050 1513M0 -250.0 150.0 -2000.0 0.1170 0 0 0 172.021 1.898 335
Element: 868 0.2 2.5 0.0 0.00050 1498M0 -250.0 150.0 -2000.0 0.1170 0 0 0 173.803 1.868 336
Element: 869 0.2 2.5 0.0 0.00050 1514M0 -250.0 150.0 -2000.0 0.1170 0 0 0 175.614 1.884 337
Element: 870 0.2 2.5 0.0 0.00050 1499M0 -250.0 150.0 -2000.0 0.1170 0 0 0 177.433 1.900 338
Element: 871 0.2 2.5 0.0 0.00050 1515M0 -250.0 150.0 -2000.0 0.1170 0 0 0 179.257 1.916 339
Element: 872 0.2 2.5 0.0 0.00050 1500M0 -250.0 150.0 -2000.0 0.1170 0 0 0 181.089 1.932 340
Element: 873 0.2 2.5 0.0 0.00050 1516M0 -250.0 150.0 -2000.0 0.1170 0 0 0 182.927 1.949 341
Element: 874 0.2 2.5 0.0 0.00050 1501M0 -250.0 150.0 -2000.0 0.1170 0 0 0 184.773 1.965 342
Element: 875 0.2 2.5 0.0 0.00050 1517M0 -250.0 150.0 -2000.0 0.1170 0 0 0 186.624 1.982 343
Element: 876 0.2 2.5 0.0 0.00050 1502M0 -250.0 150.0 -2000.0 0.1170 0 0 0 188.502 1.959 344
Element: 877 0.2 2.5 0.0 0.00050 1518M0 -250.0 150.0 -2000.0 0.1170 0 0 0 190.347 1.935 345
Element: 878 0.2 2.5 0.0 0.00050 1503M0 -250.0 150.0 -2000.0 0.1170 0 0 0 192.218 1.951 346
Element: 879 0.2 2.5 0.0 0.00050 1519M0 -250.0 150.0 -2000.0 0.1170 0 0 0 194.097 1.967 347
Element: 880 0.2 2.5 0.0 0.00050 1504M0 -250.0 150.0 -2000.0 0.1170 0 0 0 195.981 1.985 348
Element: 881 0.2 2.5 0.0 0.00050 1520M0 -250.0 150.0 -2000.0 0.1170 0 0 0 197.872 1.999 349
Element: 882 0.2 2.5 0.0 0.00050 1505M0 -250.0 150.0 -2000.0 0.1170 0 0 0 199.770 2.016 350
Element: 883 0.2 2.5 0.0 0.00050 1521M0 -250.0 150.0 -2000.0 0.1170 0 0 0 201.675 2.033 351
Element: 884 0.2 2.5 0.0 0.00050 1506M0 -250.0 150.0 -2000.0 0.1170 0 0 0 203.586 2.051 352
Element: 885 0.2 2.5 0.0 0.00050 1522M0 -250.0 150.0 -2000.0 0.1170 0 0 0 205.524 2.025 353
Element: 886 0.2 2.5 0.0 0.00050 1507M0 -250.0 150.0 -2000.0 0.1170 0 0 0 207.426 1.999 354
Element: 887 0.2 2.5 0.0 0.00050 1523M0 -250.0 150.0 -2000.0 0.1170 0 0 0 209.357 2.015 355
Element: 888 0.2 2.5 0.0 0.00050 1508M0 -250.0 150.0 -2000.0 0.1170 0 0 0 211.294 2.032 356
Element: 889 0.2 2.5 0.0 0.00050 1524M0 -250.0 150.0 -2000.0 0.1170 0 0 0 213.237 2.048 357
Element: 890 0.2 2.5 0.0 0.00050 1509M0 -250.0 150.0 -2000.0 0.1170 0 0 0 215.186 2.064 358
Element: 891 0.2 2.5 0.0 0.00050 1525M0 -250.0 150.0 -2000.0 0.1170 0 0 0 217.143 2.080 359
Element: 892 0.2 2.5 0.0 0.00050 1510M0 -250.0 150.0 -2000.0 0.1170 0 0 0 219.105 2.097 360
Element: 893 0.2 2.5 0.0 0.00050 1526M0 -250.0 150.0 -2000.0 0.1170 0 0 0 221.073 2.114 361
Element: 894 0.2 2.5 0.0 0.00050 1511M0 -250.0 150.0 -2000.0 0.1170 0 0 0 223.068 2.093 362
Element: 895 0.2 2.5 0.0 0.00050 1527M0 -250.0 150.0 -2000.0 0.1170 0 0 0 225.029 2.071 363
##
## G 96 - 127  Section GH
##
Element: 896 0.2 2.5 0.0 0.00050 1528M0 -250.0 150.0 -2000.0 0.1170 0 0 0 227.017 2.088 364
Element: 897 0.2 2.5 0.0 0.00050 1544M0 -250.0 150.0 -2000.0 0.1170 0 0 0 229.010 2.104 365
Element: 898 0.2 2.5 0.0 0.00050 1529M0 -250.0 150.0 -2000.0 0.1170 0 0 0 231.010 2.120 366
Element: 899 0.2 2.5 0.0 0.00050 1545M0 -250.0 150.0 -2000.0 0.1170 0 0 0 233.017 2.136 367
Element: 900 0.2 2.5 0.0 0.00050 1530M0 -250.0 150.0 -2000.0 0.1170 0 0 0 235.029 2.154 368
Element: 901 0.2 2.5 0.0 0.00050 1546M0 -250.0 150.0 -2000.0 0.1170 0 0 0 237.047 2.169 369
Element: 902 0.2 2.5 0.0 0.00050 1531M0 -250.0 150.0 -2000.0 0.1170 0 0 0 239.072 2.186 370
Element: 903 0.2 2.5 0.0 0.00050 1547M0 -250.0 150.0 -2000.0 0.1170 0 0 0 241.125 2.157 371
Element: 904 0.2 2.5 0.0 0.00050 1532M0 -250.0 150.0 -2000.0 0.1170 0 0 0 243.139 2.126 372
Element: 905 0.2 2.5 0.0 0.00050 1548M0 -250.0 150.0 -2000.0 0.1170 0 0 0 245.181 2.144 373
Element: 906 0.2 2.5 0.0 0.00050 1533M0 -250.0 150.0 -2000.0 0.1170 0 0 0 247.229 2.160 374
Element: 907 0.2 2.5 0.0 0.00050 1549M0 -250.0 150.0 -2000.0 0.1170 0 0 0 249.284 2.175 375
Element: 908 0.2 2.5 0.0 0.00050 1534M0 -250.0 150.0 -2000.0 0.1170 0 0 0 251.344 2.192 376
Element: 909 0.2 2.5 0.0 0.00050 1550M0 -250.0 150.0 -2000.0 0.1170 0 0 0 253.411 2.209 377
Element: 910 0.2 2.5 0.0 0.00050 1535M0 -250.0 150.0 -2000.0 0.1170 0 0 0 255.483 2.225 378
Element: 911 0.2 2.5 0.0 0.00050 1551M0 -250.0 150.0 -2000.0 0.1170 0 0 0 257.560 2.241 379
Element: 912 0.2 2.5 0.0 0.00050 1536M0 -250.0 150.0 -2000.0 0.1170 0 0 0 259.645 2.258 380
Element: 913 0.2 2.5 0.0 0.00050 1552M0 -250.0 150.0 -2000.0 0.1170 0 0 0 261.755 2.232 381
Element: 914 0.2 2.5 0.0 0.00050 1537M0 -250.0 150.0 -2000.0 0.1170 0 0 0 263.829 2.207 382
Element: 915 0.2 2.5 0.0 0.00050 1553M0 -250.0 150.0 -2000.0 0.1170 0 0 0 265.930 2.223 383
Element: 916 0.2 2.5 0.0 0.00050 1538M0 -250.0 150.0 -2000.0 0.1170 0 0 0 268.036 2.240 384
Element: 917 0.2 2.5 0.0 0.00050 1554M0 -250.0 150.0 -2000.0 0.1170 0 0 0 270.149 2.256 385
Element: 918 0.2 2.5 0.0 0.00050 1539M0 -250.0 150.0 -2000.0 0.1170 0 0 0 272.266 2.273 386
Element: 919 0.2 2.5 0.0 0.00050 1555M0 -250.0 150.0 -2000.0 0.1170 0 0 0 274.390 2.290 387
Element: 920 0.2 2.5 0.0 0.00050 1540M0 -250.0 150.0 -2000.0 0.1170 0 0 0 276.519 2.306 388
Element: 921 0.2 2.5 0.0 0.00050 1556M0 -250.0 150.0 -2000.0 0.1170 0 0 0 278.653 2.322 389
Element: 922 0.2 2.5 0.0 0.00050 1541M0 -250.0 150.0 -2000.0 0.1170 0 0 0 280.792 2.339 390
Element: 923 0.2 2.5 0.0 0.00050 1557M0 -250.0 150.0 -2000.0 0.1170 0 0 0 282.963 2.304 391
Element: 924 0.2 2.5 0.0 0.00050 1542M0 -250.0 150.0 -2000.0 0.1170 0 0 0 285.088 2.269 392
Element: 925 0.2 2.5 0.0 0.00050 1558M0 -250.0 150.0 -2000.0 0.1170 0 0 0 287.244 2.285 393
Element: 926 0.2 2.5 0.0 0.00050 1543M0 -250.0 150.0 -2000.0 0.1170 0 0 0 289.405 2.301 394
Element: 927 0.2 2.5 0.0 0.00050 1559M0 -250.0 150.0 -2000.0 0.1170 0 0 0 291.571 2.318 395
##
## G 128 - 159  Section IJ
##
Element: 928 0.2 2.5 0.0 0.00050 1560M0 -250.0 150.0 -2000.0 0.1170 0 0 0 293.743 2.334 396
Element: 929 0.2 2.5 0.0 0.00050 1576M0 -250.0 150.0 -2000.0 0.1170 0 0 0 295.919 2.351 397
Element: 930 0.2 2.5 0.0 0.00050 1561M0 -250.0 150.0 -2000.0 0.1170 0 0 0 298.101 2.367 398
Element: 931 0.2 2.5 0.0 0.00050 1577M0 -250.0 150.0 -2000.0 0.1170 0 0 0 300.288 2.383 399
Element: 932 0.2 2.5 0.0 0.00050 1562M0 -250.0 150.0 -2000.0 0.1170 0 0 0 302.481 2.399 400
Element: 933 0.2 2.5 0.0 0.00050 1578M0 -250.0 150.0 -2000.0 0.1170 0 0 0 304.704 2.362 401
Element: 934 0.2 2.5 0.0 0.00050 1563M0 -250.0 150.0 -2000.0 0.1170 0 0 0 306.879 2.324 402
Element: 935 0.2 2.5 0.0 0.00050 1579M0 -250.0 150.0 -2000.0 0.1170 0 0 0 309.086 2.340 403
Element: 936 0.2 2.5 0.0 0.00050 1564M0 -250.0 150.0 -2000.0 0.1170 0 0 0 311.298 2.357 404
Element: 937 0.2 2.5 0.0 0.00050 1580M0 -250.0 150.0 -2000.0 0.1170 0 0 0 313.515 2.372 405
Element: 938 0.2 2.5 0.0 0.00050 1565M0 -250.0 150.0 -2000.0 0.1170 0 0 0 315.736 2.390 406
Element: 939 0.2 2.5 0.0 0.00050 1581M0 -250.0 150.0 -2000.0 0.1170 0 0 0 317.962 2.405 407
Element: 940 0.2 2.5 0.0 0.00050 1566M0 -250.0 150.0 -2000.0 0.1170 0 0 0 320.193 2.421 408
Element: 941 0.2 2.5 0.0 0.00050 1582M0 -250.0 150.0 -2000.0 0.1170 0 0 0 322.430 2.438 409
Element: 942 0.2 2.5 0.0 0.00050 1567M0 -250.0 150.0 -2000.0 0.1170 0 0 0 324.669 2.454 410
Element: 943 0.2 2.5 0.0 0.00050 1583M0 -250.0 150.0 -2000.0 0.1170 0 0 0 326.914 2.471 411
Element: 944 0.2 2.5 0.0 0.00050 1568M0 -250.0 150.0 -2000.0 0.1170 0 0 0 329.192 2.430 412
Element: 945 0.2 2.5 0.0 0.00050 1584M0 -250.0 150.0 -2000.0 0.1170 0 0 0 331.418 2.389 413
Element: 946 0.2 2.5 0.0 0.00050 1569M0 -250.0 150.0 -2000.0 0.1170 0 0 0 333.677 2.406 414
Element: 947 0.2 2.5 0.0 0.00050 1585M0 -250.0 150.0 -2000.0 0.1170 0 0 0 335.940 2.421 415
Element: 948 0.2 2.5 0.0 0.00050 1570M0 -250.0 150.0 -2000.0 0.1170 0 0 0 338.208 2.438 416
Element: 949 0.2 2.5 0.0 0.00050 1586M0 -250.0 150.0 -2000.0 0.1170 0 0 0 340.479 2.452 417
Element: 950 0.2 2.5 0.0 0.00050 1571M0 -250.0 150.0 -2000.0 0.1170 0 0 0 342.756 2.469 418
Element: 951 0.2 2.5 0.0 0.00050 1587M0 -250.0 150.0 -2000.0 0.1170 0 0 0 345.036 2.485 419
Element: 952 0.2 2.5 0.0 0.00050 1572M0 -250.0 150.0 -2000.0 0.1170 0 0 0 347.321 2.501 420
Element: 953 0.2 2.5 0.0 0.00050 1588M0 -250.0 150.0 -2000.0 0.1170 0 0 0 349.609 2.518 421
Element: 954 0.2 2.5 0.0 0.00050 1573M0 -250.0 150.0 -2000.0 0.1170 0 0 0 351.902 2.533 422
Element: 955 0.2 2.5 0.0 0.00050 1589M0 -250.0 150.0 -2000.0 0.1170 0 0 0 354.229 2.491 423
Element: 956 0.2 2.5 0.0 0.00050 1574M0 -250.0 150.0 -2000.0 0.1170 0 0 0 356.501 2.446 424
Element: 957 0.2 2.5 0.0 0.00050 1590M0 -250.0 150.0 -2000.0 0.1170 0 0 0 358.806 2.463 425
Element: 958 0.2 2.5 0.0 0.00050 1575M0 -250.0 150.0 -2000.0 0.1170 0 0 0 361.115 2.477 426
Element: 959 0.2 2.5 0.0 0.00050 1591M0 -250.0 150.0 -2000.0 0.1170 0 0 0 363.428 2.494 427
##
## G 160 - 191  Section KL
##
Element: 960 0.2 2.5 0.0 0.00050 1592M0 -250.0 150.0 -2000.0 0.1170 0 0 0 365.746 2.509 428
Element: 961 0.2 2.5 0.0 0.00050 1608M0 -250.0 150.0 -2000.0 0.1170 0 0 0 368.066 2.525 429
Element: 962 0.2 2.5 0.0 0.00050 1593M0 -250.0 150.0 -2000.0 0.1170 0 0 0 370.391 2.541 430
Element: 963 0.2 2.5 0.0 0.00050 1609M0 -250.0 150.0 -2000.0 0.1170 0 0 0 372.719 2.556 431
Element: 964 0.2 2.5 0.0 0.00050 1594M0 -250.0 150.0 -2000.0 0.1170 0 0 0 375.051 2.572 432
Element: 965 0.2 2.5 0.0 0.00050 1610M0 -250.0 150.0 -2000.0 0.1170 0 0 0 377.388 2.588 433
Element: 966 0.2 2.5 0.0 0.00050 1595M0 -250.0 150.0 -2000.0 0.1170 0 0 0 379.758 2.543 434
Element: 967 0.2 2.5 0.0 0.00050 1611M0 -250.0 150.0 -2000.0 0.1170 0 0 0 382.070 2.495 435
Element: 968 0.2 2.5 0.0 0.00050 1596M0 -250.0 150.0 -2000.0 0.1170 0 0 0 384.417 2.510 436
Element: 969 0.2 2.5 0.0 0.00050 1612M0 -250.0 150.0 -2000.0 0.1170 0 0 0 386.767 2.527 437
Element: 970 0.2 2.5 0.0 0.00050 1597M0 -250.0 150.0 -2000.0 0.1170 0 0 0 389.121 2.542 438
Element: 971 0.2 2.5 0.0 0.00050 1613M0 -250.0 150.0 -2000.0 0.1170 0 0 0 391.478 2.557 439
Element: 972 0.2 2.5 0.0 0.00050 1598M0 -250.0 150.0 -2000.0 0.1170 0 0 0 393.838 2.573 440
Element: 973 0.2 2.5 0.0 0.00050 1614M0 -250.0 150.0 -2000.0 0.1170 0 0 0 396.202 2.587 441
Element: 974 0.2 2.5 0.0 0.00050 1599M0 -250.0 150.0 -2000.0 0.1170 0 0 0 398.569 2.604 442
Element: 975 0.2 2.5 0.0 0.00050 1615M0 -250.0 150.0 -2000.0 0.1170 0 0 0 400.940 2.619 443
Element: 976 0.2 2.5 0.0 0.00050 1600M0 -250.0 150.0 -2000.0 0.1170 0 0 0 403.313 2.635 444
Element: 977 0.2 2.5 0.0 0.00050 1616M0 -250.0 150.0 -2000.0 0.1170 0 0 0 405.717 2.595 445
Element: 978 0.2 2.5 0.0 0.00050 1601M0 -250.0 150.0 -2000.0 0.1170 0 0 0 408.070 2.554 446
Element: 979 0.2 2.5 0.0 0.00050 1617M0 -250.0 150.0 -2000.0 0.1170 0 0 0 410.452 2.570 447
Element: 980 0.2 2.5 0.0 0.00050 1602M0 -250.0 150.0 -2000.0 0.1170 0 0 0 412.838 2.585 448
Element: 981 0.2 2.5 0.0 0.00050 1618M0 -250.0 150.0 -2000.0 0.1170 0 0 0 415.227 2.600 449
Element: 982 0.2 2.5 0.0 0.00050 1603M0 -250.0 150.0 -2000.0 0.1170 0 0 0 417.619 2.615 450
Element: 983 0.2 2.5 0.0 0.00050 1619M0 -250.0 150.0 -2000.0 0.1170 0 0 0 420.014 2.630 451
Element: 984 0.2 2.5 0.0 0.00050 1604M0 -250.0 150.0 -2000.0 0.1170 0 0 0 422.411 2.646 452
Element: 985 0.2 2.5 0.0 0.00050 1620M0 -250.0 150.0 -2000.0 0.1170 0 0 0 424.811 2.661 453
Element: 986 0.2 2.5 0.0 0.00050 1605M0 -250.0 150.0 -2000.0 0.1170 0 0 0 427.215 2.676 454
Element: 987 0.2 2.5 0.0 0.00050 1621M0 -250.0 150.0 -2000.0 0.1170 0 0 0 429.621 2.692 455
Element: 988 0.2 2.5 0.0 0.00050 1606M0 -250.0 150.0 -2000.0 0.1170 0 0 0 432.063 2.639 456
Element: 989 0.2 2.5 0.0 0.00050 1622M0 -250.0 150.0 -2000.0 0.1170 0 0 0 434.440 2.586 457
Element: 990 0.2 2.5 0.0 0.00050 1607M0 -250.0 150.0 -2000.0 0.1170 0 0 0 436.854 2.601 458
Element: 991 0.2 2.5 0.0 0.00050 1623M0 -250.0 150.0 -2000.0 0.1170 0 0 0 439.270 2.617 459
##
## G 192 - 223  Section MN
##
Element: 992 0.2 2.5 0.0 0.00050 1624M0 -250.0 150.0 -2000.0 0.1170 0 0 0 441.689 2.630 460
Element: 993 0.2 2.5 0.0 0.00050 1640M0 -250.0 150.0 -2000.0 0.1170 0 0 0 444.111 2.646 461
Element: 994 0.2 2.5 0.0 0.00050 1625M0 -250.0 150.0 -2000.0 0.1170 0 0 0 446.534 2.661 462
Element: 995 0.2 2.5 0.0 0.00050 1641M0 -250.0 150.0 -2000.0 0.1170 0 0 0 448.960 2.676 463
Element: 996 0.2 2.5 0.0 0.00050 1626M0 -250.0 150.0 -2000.0 0.1170 0 0 0 451.389 2.691 464
Element: 997 0.2 2.5 0.0 0.00050 1642M0 -250.0 150.0 -2000.0 0.1170 0 0 0 453.820 2.706 465
Element: 998 0.2 2.5 0.0 0.00050 1627M0 -250.0 150.0 -2000.0 0.1170 0 0 0 456.253 2.721 466
Element: 999 0.2 2.5 0.0 0.00050 1643M0 -250.0 150.0 -2000.0 0.1170 0 0 0 458.688 2.736 467
Element: 1000 0.2 2.5 0.0 0.00050 1628M0 -250.0 150.0 -2000.0 0.1170 0 0 0 461.156 2.690 468
Element: 1001 0.2 2.5 0.0 0.00050 1644M0 -250.0 150.0 -2000.0 0.1170 0 0 0 463.565 2.644 469
Element: 1002 0.2 2.5 0.0 0.00050 1629M0 -250.0 150.0 -2000.0 0.1170 0 0 0 466.007 2.659 470
Element: 1003 0.2 2.5 0.0 0.00050 1645M0 -250.0 150.0 -2000.0 0.1170 0 0 0 468.451 2.673 471
Element: 1004 0.2 2.5 0.0 0.00050 1630M0 -250.0 150.0 -2000.0 0.1170 0 0 0 470.897 2.688 472
Element: 1005 0.2 2.5 0.0 0.00050 1646M0 -250.0 150.0 -2000.0 0.1170 0 0 0 473.344 2.703 473
Element: 1006 0.2 2.5 0.0 0.00050 1631M0 -250.0 150.0 -2000.0 0.1170 0 0 0 475.794 2.717 474
Element: 1007 0.2 2.5 0.0 0.00050 1647M0 -250.0 150.0 -2000.0 0.1170 0 0 0 478.245 2.732 475
Element: 1008 0.2 2.5 0.0 0.00050 1632M0 -250.0 150.0 -2000.0 0.1170 0 0 0 480.699 2.746 476
Element: 1009 0.2 2.5 0.0 0.00050 1648M0 -250.0 150.0 -2000.0 0.1170 0 0 0 483.154 2.760 477
Element: 1010 0.2 2.5 0.0 0.00050 1633M0 -250.0 150.0 -2000.0 0.1170 0 0 0 485.611 2.776 478
Element: 1011 0.2 2.5 0.0 0.00050 1649M0 -250.0 150.0 -2000.0 0.1170 0 0 0 488.069 2.789 479
Element: 1012 0.2 2.5 0.0 0.00050 1634M0 -250.0 150.0 -2000.0 0.1170 0 0 0 490.567 2.732 480
Element: 1013 0.2 2.5 0.0 0.00050 1650M0 -250.0 150.0 -2000.0 0.1170 0 0 0 492.991 2.672 481
Element: 1014 0.2 2.5 0.0 0.00050 1635M0 -250.0 150.0 -2000.0 0.1170 0 0 0 495.455 2.687 482
Element: 1015 0.2 2.5 0.0 0.00050 1651M0 -250.0 150.0 -2000.0 0.1170 0 0 0 497.920 2.700 483
Element: 1016 0.2 2.5 0.0 0.00050 1636M0 -250.0 150.0 -2000.0 0.1170 0 0 0 500.387 2.715 484
Element: 1017 0.2 2.5 0.0 0.00050 1652M0 -250.0 150.0 -2000.0 0.1170 0 0 0 502.855 2.729 485
Element: 1018 0.2 2.5 0.0 0.00050 1637M0 -250.0 150.0 -2000.0 0.1170 0 0 0 505.325 2.743 486
Element: 1019 0.2 2.5 0.0 0.00050 1653M0 -250.0 150.0 -2000.0 0.1170 0 0 0 507.795 2.757 487
Element: 1020 0.2 2.5 0.0 0.00050 1638M0 -250.0 150.0 -2000.0 0.1170 0 0 0 510.268 2.771 488
Element: 1021 0.2 2.5 0.0 0.00050 1654M0 -250.0 150.0 -2000.0 0.1170 0 0 0 512.741 2.784 489
Element: 1022 0.2 2.5 0.0 0.00050 1639M0 -250.0 150.0 -2000.0 0.1170 0 0 0 515.216 2.800 490
Element: 1023 0.2 2.5 0.0 0.00050 1655M0 -250.0 150.0 -2000.0 0.1170 0 0 0 517.693 2.813 491
##
## G 224 - 255  Section OP
##
Element: 1024 0.2 2.5 0.0 0.00050 1656M0 -250.0 150.0 -2000.0 0.1170 0 0 0 520.208 2.753 492
Element: 1025 0.2 2.5 0.0 0.00050 1672M0 -250.0 150.0 -2000.0 0.1170 0 0 0 522.648 2.689 493
Element: 1026 0.2 2.5 0.0 0.00050 1657M0 -250.0 150.0 -2000.0 0.1170 0 0 0 525.128 2.703 494
Element: 1027 0.2 2.5 0.0 0.00050 1673M0 -250.0 150.0 -2000.0 0.1170 0 0 0 527.608 2.717 495
Element: 1028 0.2 2.5 0.0 0.00050 1658M0 -250.0 150.0 -2000.0 0.1170 0 0 0 530.090 2.730 496
Element: 1029 0.2 2.5 0.0 0.00050 1674M0 -250.0 150.0 -2000.0 0.1170 0 0 0 532.573 2.744 497
Element: 1030 0.2 2.5 0.0 0.00050 1659M0 -250.0 150.0 -2000.0 0.1170 0 0 0 535.057 2.759 498
Element: 1031 0.2 2.5 0.0 0.00050 1675M0 -250.0 150.0 -2000.0 0.1170 0 0 0 537.541 2.771 499
Element: 1032 0.2 2.5 0.0 0.00050 1660M0 -250.0 150.0 -2000.0 0.1170 0 0 0 540.027 2.785 500
Element: 1033 0.2 2.5 0.0 0.00050 1676M0 -250.0 150.0 -2000.0 0.1170 0 0 0 542.513 2.799 501
Element: 1034 0.2 2.5 0.0 0.00050 1661M0 -250.0 150.0 -2000.0 0.1170 0 0 0 545.001 2.812 502
Element: 1035 0.2 2.5 0.0 0.00050 1677M0 -250.0 150.0 -2000.0 0.1170 0 0 0 547.489 2.826 503
Element: 1036 0.2 2.5 0.0 0.00050 1662M0 -250.0 150.0 -2000.0 0.1170 0 0 0 550.011 2.772 504
Element: 1037 0.2 2.5 0.0 0.00050 1678M0 -250.0 150.0 -2000.0 0.1170 0 0 0 552.467 2.719 505
Element: 1038 0.2 2.5 0.0 0.00050 1663M0 -250.0 150.0 -2000.0 0.1170 0 0 0 554.957 2.732 506
Element: 1039 0.2 2.5 0.0 0.00050 1679M0 -250.0 150.0 -2000.0 0.1170 0 0 0 557.449 2.745 507
Element: 1040 0.2 2.5 0.0 0.00050 1664M0 -250.0 150.0 -2000.0 0.1170 0 0 0 559.940 2.759 508
Element: 1041 0.2 2.5 0.0 0.00050 1680M0 -250.0 150.0 -2000.0 0.1170 0 0 0 562.431 2.771 509
Element: 1042 0.2 2.5 0.0 0.00050 1665M0 -250.0 150.0 -2000.0 0.1170 0 0 0 564.925 2.784 510
Element: 1043 0.2 2.5 0.0 0.00050 1681M0 -250.0 150.0 -2000.0 0.1170 0 0 0 567.418 2.798 511
Element: 1044 0.2 2.5 0.0 0.00050 1666M0 -250.0 150.0 -2000.0 0.1170 0 0 0 569.911 2.811 512
Element: 1045 0.2 2.5 0.0 0.00050 1682M0 -250.0 150.0 -2000.0 0.1170 0 0 0 572.405 2.823 513
Element: 1046 0.2 2.5 0.0 0.00050 1667M0 -250.0 150.0 -2000.0 0.1170 0 0 0 574.899 2.837 514
Element: 1047 0.2 2.5 0.0 0.00050 1683M0 -250.0 150.0 -2000.0 0.1170 0 0 0 577.394 2.851 515
Element: 1048 0.2 2.5 0.0 0.00050 1668M0 -250.0 150.0 -2000.0 0.1170 0 0 0 579.924 2.794 516
Element: 1049 0.2 2.5 0.0 0.00050 1684M0 -250.0 150.0 -2000.0 0.1170 0 0 0 582.385 2.738 517
Element: 1050 0.2 2.5 0.0 0.00050 1669M0 -250.0 150.0 -2000.0 0.1170 0 0 0 584.880 2.751 518
Element: 1051 0.2 2.5 0.0 0.00050 1685M0 -250.0 150.0 -2000.0 0.1170 0 0 0 587.377 2.763 519
Element: 1052 0.2 2.5 0.0 0.00050 1670M0 -250.0 150.0 -2000.0 0.1170 0 0 0 589.873 2.776 520
Element: 1053 0.2 2.5 0.0 0.00050 1686M0 -250.0 150.0 -2000.0 0.1170 0 0 0 592.369 2.789 521
Element: 1054 0.2 2.5 0.0 0.00050 1671M0 -250.0 150.0 -2000.0 0.1170 0 0 0 594.866 2.802 522
Element: 1055 0.2 2.5 0.0 0.00050 1687M0 -250.0 150.0 -2000.0 0.1170 0 0 0 597.362 2.813 523
##
## G 256 - 287  Section QR
##
Element: 1056 0.2 2.5 0.0 0.00050 1688M0 -250.0 150.0 -2000.0 0.1170 0 0 0 599.859 2.827 524
Element: 1057 0.2 2.5 0.0 0.00050 1704M0 -250.0 150.0 -2000.0 0.1170 0 0 0 602.355 2.840 525
Element: 1058 0.2 2.5 0.0 0.00050 1689M0 -250.0 150.0 -2000.0 0.1170 0 0 0 604.852 2.852 526
Element: 1059 0.2 2.5 0.0 0.00050 1705M0 -250.0 150.0 -2000.0 0.1170 0 0 0 607.349 2.866 527
Element: 1060 0.2 2.5 0.0 0.00050 1690M0 -250.0 150.0 -2000.0 0.1170 0 0 0 609.881 2.806 528
Element: 1061 0.2 2.5 0.0 0.00050 1706M0 -250.0 150.0 -2000.0 0.1170 0 0 0 612.342 2.747 529
Element: 1062 0.2 2.5 0.0 0.00050 1691M0 -250.0 150.0 -2000.0 0.1170 0 0 0 614.838 2.760 530
Element: 1063 0.2 2.5 0.0 0.00050 1707M0 -250.0 150.0 -2000.0 0.1170 0 0 0 617.334 2.772 531
Element: 1064 0.2 2.5 0.0 0.00050 1692M0 -250.0 150.0 -2000.0 0.1170 0 0 0 619.831 2.784 532
Element: 1065 0.2 2.5 0.0 0.00050 1708M0 -250.0 150.0 -2000.0 0.1170 0 0 0 622.327 2.797 533
Element: 1066 0.2 2.5 0.0 0.00050 1693M0 -250.0 150.0 -2000.0 0.1170 0 0 0 624.822 2.808 534
Element: 1067 0.2 2.5 0.0 0.00050 1709M0 -250.0 150.0 -2000.0 0.1170 0 0 0 627.318 2.821 535
Element: 1068 0.2 2.5 0.0 0.00050 1694M0 -250.0 150.0 -2000.0 0.1170 0 0 0 629.813 2.833 536
Element: 1069 0.2 2.5 0.0 0.00050 1710M0 -250.0 150.0 -2000.0 0.1170 0 0 0 632.308 2.845 537
Element: 1070 0.2 2.5 0.0 0.00050 1695M0 -250.0 150.0 -2000.0 0.1170 0 0 0 634.802 2.858 538
Element: 1071 0.2 2.5 0.0 0.00050 1711M0 -250.0 150.0 -2000.0 0.1170 0 0 0 637.296 2.870 539
Element: 1072 0.2 2.5 0.0 0.00050 1696M0 -250.0 150.0 -2000.0 0.1170 0 0 0 639.820 2.820 540
Element: 1073 0.2 2.5 0.0 0.00050 1712M0 -250.0 150.0 -2000.0 0.1170 0 0 0 642.283 2.772 541
Element: 1074 0.2 2.5 0.0 0.00050 1697M0 -250.0 150.0 -2000.0 0.1170 0 0 0 644.775 2.784 542
Element: 1075 0.2 2.5 0.0 0.00050 1713M0 -250.0 150.0 -2000.0 0.1170 0 0 0 647.267 2.795 543
Element: 1076 0.2 2.5 0.0 0.00050 1698M0 -250.0 150.0 -2000.0 0.1170 0 0 0 649.759 2.807 544
Element: 1077 0.2 2.5 0.0 0.00050 1714M0 -250.0 150.0 -2000.0 0.1170 0 0 0 652.250 2.820 545
Element: 1078 0.2 2.5 0.0 0.00050 1699M0 -250.0 150.0 -2000.0 0.1170 0 0 0 654.740 2.831 546
Element: 1079 0.2 2.5 0.0 0.00050 1715M0 -250.0 150.0 -2000.0 0.1170 0 0 0 657.230 2.842 547
Element: 1080 0.2 2.5 0.0 0.00050 1700M0 -250.0 150.0 -2000.0 0.1170 0 0 0 659.720 2.855 548
Element: 1081 0.2 2.5 0.0 0.00050 1716M0 -250.0 150.0 -2000.0 0.1170 0 0 0 662.208 2.866 549
Element: 1082 0.2 2.5 0.0 0.00050 1701M0 -250.0 150.0 -2000.0 0.1170 0 0 0 664.696 2.878 550
Element: 1083 0.2 2.5 0.0 0.00050 1717M0 -250.0 150.0 -2000.0 0.1170 0 0 0 667.183 2.890 551
Element: 1084 0.2 2.5 0.0 0.00050 1702M0 -250.0 150.0 -2000.0 0.1170 0 0 0 669.707 2.826 552
Element: 1085 0.2 2.5 0.0 0.00050 1718M0 -250.0 150.0 -2000.0 0.1170 0 0 0 672.155 2.762 553
Element: 1086 0.2 2.5 0.0 0.00050 1703M0 -250.0 150.0 -2000.0 0.1170 0 0 0 674.641 2.775 554
Element: 1087 0.2 2.5 0.0 0.00050 1719M0 -250.0 150.0 -2000.0 0.1170 0 0 0 677.124 2.785 555
##
## G 288 - 319  Section ST
##
Element: 1088 0.2 2.5 0.0 0.00050 1720M0 -250.0 150.0 -2000.0 0.1170 0 0 0 679.608 2.796 556
Element: 1089 0.2 2.5 0.0 0.00050 1736M0 -250.0 150.0 -2000.0 0.1170 0 0 0 682.090 2.808 557
Element: 1090 0.2 2.5 0.0 0.00050 1721M0 -250.0 150.0 -2000.0 0.1170 0 0 0 684.572 2.819 558
Element: 1091 0.2 2.5 0.0 0.00050 1737M0 -250.0 150.0 -2000.0 0.1170 0 0 0 687.052 2.831 559
Element: 1092 0.2 2.5 0.0 0.00050 1722M0 -250.0 150.0 -2000.0 0.1170 0 0 0 689.532 2.841 560
Element: 1093 0.2 2.5 0.0 0.00050 1738M0 -250.0 150.0 -2000.0 0.1170 0 0 0 692.011 2.853 561
Element: 1094 0.2 2.5 0.0 0.00050 1723M0 -250.0 150.0 -2000.0 0.1170 0 0 0 694.488 2.865 562
Element: 1095 0.2 2.5 0.0 0.00050 1739M0 -250.0 150.0 -2000.0 0.1170 0 0 0 696.965 2.876 563
Element: 1096 0.2 2.5 0.0 0.00050 1724M0 -250.0 150.0 -2000.0 0.1170 0 0 0 699.473 2.823 564
Element: 1097 0.2 2.5 0.0 0.00050 1740M0 -250.0 150.0 -2000.0 0.1170 0 0 0 701.915 2.770 565
Element: 1098 0.2 2.5 0.0 0.00050 1725M0 -250.0 150.0 -2000.0 0.1170 0 0 0 704.389 2.781 566
Element: 1099 0.2 2.5 0.0 0.00050 1741M0 -250.0 150.0 -2000.0 0.1170 0 0 0 706.861 2.791 567
Element: 1100 0.2 2.5 0.0 0.00050 1726M0 -250.0 150.0 -2000.0 0.1170 0 0 0 709.333 2.802 568
Element: 1101 0.2 2.5 0.0 0.00050 1742M0 -250.0 150.0 -2000.0 0.1170 0 0 0 711.803 2.813 569
Element: 1102 0.2 2.5 0.0 0.00050 1727M0 -250.0 150.0 -2000.0 0.1170 0 0 0 714.272 2.823 570
Element: 1103 0.2 2.5 0.0 0.00050 1743M0 -250.0 150.0 -2000.0 0.1170 0 0 0 716.739 2.834 571
Element: 1104 0.2 2.5 0.0 0.00050 1728M0 -250.0 150.0 -2000.0 0.1170 0 0 0 719.206 2.844 572
Element: 1105 0.2 2.5 0.0 0.00050 1744M0 -250.0 150.0 -2000.0 0.1170 0 0 0 721.671 2.857 573
Element: 1106 0.2 2.5 0.0 0.00050 1729M0 -250.0 150.0 -2000.0 0.1170 0 0 0 724.136 2.866 574
Element: 1107 0.2 2.5 0.0 0.00050 1745M0 -250.0 150.0 -2000.0 0.1170 0 0 0 726.598 2.878 575
Element: 1108 0.2 2.5 0.0 0.00050 1730M0 -250.0 150.0 -2000.0 0.1170 0 0 0 729.093 2.822 576
Element: 1109 0.2 2.5 0.0 0.00050 1746M0 -250.0 150.0 -2000.0 0.1170 0 0 0 731.520 2.767 577
Element: 1110 0.2 2.5 0.0 0.00050 1731M0 -250.0 150.0 -2000.0 0.1170 0 0 0 733.979 2.778 578
Element: 1111 0.2 2.5 0.0 0.00050 1747M0 -250.0 150.0 -2000.0 0.1170 0 0 0 736.437 2.789 579
Element: 1112 0.2 2.5 0.0 0.00050 1732M0 -250.0 150.0 -2000.0 0.1170 0 0 0 738.893 2.799 580
Element: 1113 0.2 2.5 0.0 0.00050 1748M0 -250.0 150.0 -2000.0 0.1170 0 0 0 741.347 2.809 581
Element: 1114 0.2 2.5 0.0 0.00050 1733M0 -250.0 150.0 -2000.0 0.1170 0 0 0 743.801 2.819 582
Element: 1115 0.2 2.5 0.0 0.00050 1749M0 -250.0 150.0 -2000.0 0.1170 0 0 0 746.253 2.831 583
Element: 1116 0.2 2.5 0.0 0.00050 1734M0 -250.0 150.0 -2000.0 0.1170 0 0 0 748.703 2.841 584
Element: 1117 0.2 2.5 0.0 0.00050 1750M0 -250.0 150.0 -2000.0 0.1170 0 0 0 751.152 2.850 585
Element: 1118 0.2 2.5 0.0 0.00050 1735M0 -250.0 150.0 -2000.0 0.1170 0 0 0 753.600 2.861 586
Element: 1119 0.2 2.5 0.0 0.00050 1751M0 -250.0 150.0 -2000.0 0.1170 0 0 0 756.046 2.871 587
##
## G 320 - 351  Section UV
##
Element: 1120 0.2 2.5 0.0 0.00050 1752M0 -250.0 150.0 -2000.0 0.1170 0 0 0 758.490 2.882 588
Element: 1121 0.2 2.5 0.0 0.00050 1768M0 -250.0 150.0 -2000.0 0.1170 0 0 0 760.967 2.824 589
Element: 1122 0.2 2.5 0.0 0.00050 1753M0 -250.0 150.0 -2000.0 0.1170 0 0 0 763.374 2.768 590
Element: 1123 0.2 2.5 0.0 0.00050 1769M0 -250.0 150.0 -2000.0 0.1170 0 0 0 765.814 2.778 591
Element: 1124 0.2 2.5 0.0 0.00050 1754M0 -250.0 150.0 -2000.0 0.1170 0 0 0 768.252 2.788 592
Element: 1125 0.2 2.5 0.0 0.00050 1770M0 -250.0 150.0 -2000.0 0.1170 0 0 0 770.689 2.797 593
Element: 1126 0.2 2.5 0.0 0.00050 1755M0 -250.0 150.0 -2000.0 0.1170 0 0 0 773.124 2.807 594
Element: 1127 0.2 2.5 0.0 0.00050 1771M0 -250.0 150.0 -2000.0 0.1170 0 0 0 775.557 2.817 595
Element: 1128 0.2 2.5 0.0 0.00050 1756M0 -250.0 150.0 -2000.0 0.1170 0 0 0 777.988 2.827 596
Element: 1129 0.2 2.5 0.0 0.00050 1772M0 -250.0 150.0 -2000.0 0.1170 0 0 0 780.419 2.837 597
Element: 1130 0.2 2.5 0.0 0.00050 1757M0 -250.0 150.0 -2000.0 0.1170 0 0 0 782.847 2.847 598
Element: 1131 0.2 2.5 0.0 0.00050 1773M0 -250.0 150.0 -2000.0 0.1170 0 0 0 785.273 2.857 599
Element: 1132 0.2 2.5 0.0 0.00050 1758M0 -250.0 150.0 -2000.0 0.1170 0 0 0 787.698 2.866 600
Element: 1133 0.2 2.5 0.0 0.00050 1774M0 -250.0 150.0 -2000.0 0.1170 0 0 0 790.121 2.876 601
Element: 1134 0.2 2.5 0.0 0.00050 1759M0 -250.0 150.0 -2000.0 0.1170 0 0 0 792.577 2.818 602
Element: 1135 0.2 2.5 0.0 0.00050 1775M0 -250.0 150.0 -2000.0 0.1170 0 0 0 794.962 2.759 603
Element: 1136 0.2 2.5 0.0 0.00050 1760M0 -250.0 150.0 -2000.0 0.1170 0 0 0 797.380 2.769 604
Element: 1137 0.2 2.5 0.0 0.00050 1776M0 -250.0 150.0 -2000.0 0.1170 0 0 0 799.795 2.778 605
Element: 1138 0.2 2.5 0.0 0.00050 1761M0 -250.0 150.0 -2000.0 0.1170 0 0 0 802.210 2.787 606
Element: 1139 0.2 2.5 0.0 0.00050 1777M0 -250.0 150.0 -2000.0 0.1170 0 0 0 804.622 2.796 607
Element: 1140 0.2 2.5 0.0 0.00050 1762M0 -250.0 150.0 -2000.0 0.1170 0 0 0 807.032 2.806 608
Element: 1141 0.2 2.5 0.0 0.00050 1778M0 -250.0 150.0 -2000.0 0.1170 0 0 0 809.440 2.815 609
Element: 1142 0.2 2.5 0.0 0.00050 1763M0 -250.0 150.0 -2000.0 0.1170 0 0 0 811.847 2.824 610
Element: 1143 0.2 2.5 0.0 0.00050 1779M0 -250.0 150.0 -2000.0 0.1170 0 0 0 814.252 2.833 611
Element: 1144 0.2 2.5 0.0 0.00050 1764M0 -250.0 150.0 -2000.0 0.1170 0 0 0 816.654 2.843 612
Element: 1145 0.2 2.5 0.0 0.00050 1780M0 -250.0 150.0 -2000.0 0.1170 0 0 0 819.055 2.852 613
Element: 1146 0.2 2.5 0.0 0.00050 1765M0 -250.0 150.0 -2000.0 0.1170 0 0 0 821.454 2.862 614
Element: 1147 0.2 2.5 0.0 0.00050 1781M0 -250.0 150.0 -2000.0 0.1170 0 0 0 823.886 2.801 615
Element: 1148 0.2 2.5 0.0 0.00050 1766M0 -250.0 150.0 -2000.0 0.1170 0 0 0 826.247 2.740 616
Element: 1149 0.2 2.5 0.0 0.00050 1782M0 -250.0 150.0 -2000.0 0.1170 0 0 0 828.640 2.749 617
Element: 1150 0.2 2.5 0.0 0.00050 1767M0 -250.0 150.0 -2000.0 0.1170 0 0 0 831.031 2.759 618
Element: 1151 0.2 2.5 0.0 0.00050 1783M0 -250.0 150.0 -2000.0 0.1170 0 0 0 833.421 2.767 619
Initialise: 
Display: 1D Nhits       32 0 32
Display: 1D NhitsPrompt 32 0 32
Display: 1D NhitsRand   32 0 32
Display: 1D Hits        352 0 352
Display: 1D HitsPrompt  352 0 352
Display: 1D HitsRand    352 0 352
#Display: 1D EnergyOR    200 0 2.5
Display: 1D TimeOR     1000 -250.0 150.0
#Display: 1D Energy 100 0 2.5   0 352
#Display: 1D Time  1000 -250.0 150.0   0 352
Display: 1D Eelect   352 v2u_plot/883.ehist
Display: 1D ScalerCurr 352 0 352
Display: 1D ScalerAcc  352 0 352
Display: 1D Doubles  	352 0 352
Display: 1D NDoubles  	32 0 32
#Display: 2D EnergyOR 100 0 2.5 -1 Hits 352 0 352 -1
#Display: 2D EnergyOR 100 0 2.5 -1 Doubles 352 0 352 -1
Display: 2D TimeOR   200 -250.0 150.0 -1 Hits 352 0 352 -1
Display: 2D TimeOR   200 -250.0 150.0 -1 Doubles 352 0 352 -1
