##     Aligned-TDC AcquRoot Detector file
##     Generated by macro AlignTDC.C, J.R.M. Annand, 28th March 2007
##     Ladder file with recalibration of electron energies
##     Generated by macro LadderNewCal.C, J.R.M. Annand, 29th September 2007
##     Ladder file with recalibration of electron energies
##     Generated by macro LadderNewCal.C, J.R.M. Annand, 29th September 2007
##     Offset-Scalers AcquRoot Detector file
##     Macro ScalerOffset, J.R.M. Annand, 28th March 2007
##     Offset-Scalers AcquRoot Detector file
##     Macro ScalerOffset, J.R.M. Annand, 28th March 2007
##     Aligned-TDC AcquRoot Detector file
##     Generated by macro AlignTDC.C, J.R.M. Annand, 28th March 2007
##     Aligned-TDC AcquRoot Detector file
##     Generated by macro AlignTDC.C, J.R.M. Annand, 28th March 2007
##  Auto-Generated Tagger-Ladder Config File
##  ROOT Macro LadderGen.C
##	#FP	Energy?	Time?	Pos?
Size:	352	0	1	1
##
##	Scalers	Calib	Overlap	Micro	#trig	Toff	Tres
Misc:	1	1	0	0	0	250.0	5.0
#Window:   94. 114. 73. 93.
#Window:   94. 114. 115. 135.
#Window:   80. 110. 73. 93.
#Window:   80. 110. 120. 180.
#Window:   90. 110. 130. 170.
Window:   80. 115. 120. 190.
#
# This slows things down considerably....
#Multi-hit: 0
#Multi-hit: 3
##
## G 0 - 32  Section AB
##
Element: 816 0.2 2.5 0.0 0.00050 1438M0 -250 -50 -1505 0.1170 0 0 0 59.6 1.1 164
Element: 800 0.2 2.5 0.0 0.00050 1432M0 -250 -50 -1446 0.1170 0 0 0 60.7 1.1 152
Element: 817 0.2 2.5 0.0 0.00050 1454M0 -250 -50 -1505 0.1170 0 0 0 61.8 1.2 165
Element: 801 0.2 2.5 0.0 0.00050 1448M0 -250 -50 -1516 0.1170 0 0 0 63.0 1.2 153
Element: 818 0.2 2.5 0.0 0.00050 1439M0 -250 -50 -1505 0.1170 0 0 0 64.2 1.3 166
Element: 802 0.2 2.5 0.0 0.00050 1433M0 -250 -50 -1505 0.1170 0 0 0 65.5 1.3 154
Element: 819 0.2 2.5 0.0 0.00050 1455M0 -250 -50 -1506 0.1170 0 0 0 66.9 1.4 167
Element: 803 0.2 2.5 0.0 0.00050 1449M0 -250 -50 -1507 0.1170 0 0 0 68.2 1.4 155
Element: 820 0.2 2.5 0.0 0.00050 1440M0 -250 -50 -1500 0.1170 0 0 0 69.7 1.5 168
Element: 804 0.2 2.5 0.0 0.00050 1434M0 -250 -50 -1508 0.1170 0 0 0 71.1 1.5 156
Element: 821 0.2 2.5 0.0 0.00050 1456M0 -250 -50 -1492 0.1170 0 0 0 72.7 1.6 169
Element: 805 0.2 2.5 0.0 0.00050 1450M0 -250 -50 -1506 0.1170 0 0 0 74.2 1.6 157
Element: 822 0.2 2.5 0.0 0.00050 1441M0 -250 -50 -1505 0.1170 0 0 0 75.8 1.6 170
Element: 806 0.2 2.5 0.0 0.00050 1435M0 -250 -50 -1508 0.1170 0 0 0 77.5 1.7 158
Element: 823 0.2 2.5 0.0 0.00050 1457M0 -250 -50 -1491 0.1170 0 0 0 79.1 1.7 171
Element: 807 0.2 2.5 0.0 0.00050 1451M0 -250 -50 -1510 0.1170 0 0 0 80.8 1.7 159
Element: 824 0.2 2.5 0.0 0.00050 1442M0 -250 -50 -1478 0.1170 0 0 0 82.6 1.8 172
Element: 808 0.2 2.5 0.0 0.00050 1436M0 -250 -50 -1504 0.1170 0 0 0 84.3 1.8 160
Element: 825 0.2 2.5 0.0 0.00050 1458M0 -250 -50 -1503 0.1170 0 0 0 86.1 1.8 173
Element: 809 0.2 2.5 0.0 0.00050 1452M0 -250 -50 -1507 0.1170 0 0 0 87.9 1.8 161
Element: 826 0.2 2.5 0.0 0.00050 1443M0 -250 -50 -1514 0.1170 0 0 0 89.7 1.8 174
Element: 810 0.2 2.5 0.0 0.00050 1437M0 -250 -50 -1501 0.1170 0 0 0 91.5 1.8 162
Element: 827 0.2 2.5 0.0 0.00050 1459M0 -250 -50 -1496 0.1170 0 0 0 93.2 1.8 175
Element: 811 0.2 2.5 0.0 0.00050 1453M0 -250 -50 -1505 0.1170 0 0 0 95.0 1.8 163
Element: 828 0.2 2.5 0.0 0.00050 1444M0 -250 -50 -1503 0.1170 0 0 0 96.7 1.8 176
Element: 829 0.2 2.5 0.0 0.00050 1460M0 -250 -50 -1494 0.1170 0 0 0 98.5 1.7 177
Element: 830 0.2 2.5 0.0 0.00050 1445M0 -250 -50 -1505 0.1170 0 0 0 100.2 1.7 178
Element: 831 0.2 2.5 0.0 0.00050 1461M0 -250 -50 -1497 0.1170 0 0 0 101.8 1.7 179
Element: 812 0.2 2.5 0.0 0.00050 1446M0 -250 -50 -1502 0.1170 0 0 0 103.5 1.7 180
Element: 813 0.2 2.5 0.0 0.00050 1462M0 -250 -50 -1487 0.1170 0 0 0 105.1 1.6 181
Element: 814 0.2 2.5 0.0 0.00050 1447M0 -250 -50 -1497 0.1170 0 0 0 106.7 1.6 182
Element: 815 0.2 2.5 0.0 0.00050 1463M0 -250 -50 -1491 0.1170 0 0 0 108.3 1.5 183
##
## G 32 - 64  Section CD
##
Element: 832 0.2 2.5 0.0 0.00050 1464M0 -250 -50 -1511 0.1170 0 0 0 109.8 1.5 184
Element: 833 0.2 2.5 0.0 0.00050 1480M0 -250 -50 -1515 0.1170 0 0 0 111.3 1.5 185
Element: 834 0.2 2.5 0.0 0.00050 1465M0 -250 -50 -1517 0.1170 0 0 0 112.8 1.5 186
Element: 835 0.2 2.5 0.0 0.00050 1481M0 -250 -50 -1512 0.1170 0 0 0 114.4 1.6 187
Element: 836 0.2 2.5 0.0 0.00050 1466M0 -250 -50 -1489 0.1170 0 0 0 115.9 1.6 188
Element: 837 0.2 2.5 0.0 0.00050 1482M0 -250 -50 -1516 0.1170 0 0 0 117.5 1.6 189
Element: 838 0.2 2.5 0.0 0.00050 1467M0 -250 -50 -1510 0.1170 0 0 0 119.1 1.6 190
Element: 839 0.2 2.5 0.0 0.00050 1483M0 -250 -50 -1514 0.1170 0 0 0 120.6 1.6 191
Element: 840 0.2 2.5 0.0 0.00050 1468M0 -250 -50 -1515 0.1170 0 0 0 122.2 1.6 192
Element: 841 0.2 2.5 0.0 0.00050 1484M0 -250 -50 -1511 0.1170 0 0 0 123.8 1.6 193
Element: 842 0.2 2.5 0.0 0.00050 1469M0 -250 -50 -1509 0.1170 0 0 0 125.4 1.7 194
Element: 843 0.2 2.5 0.0 0.00050 1485M0 -250 -50 -1515 0.1170 0 0 0 127.0 1.7 195
Element: 844 0.2 2.5 0.0 0.00050 1470M0 -250 -50 -1506 0.1170 0 0 0 128.6 1.7 196
Element: 845 0.2 2.5 0.0 0.00050 1486M0 -250 -50 -1511 0.1170 0 0 0 130.2 1.7 197
Element: 846 0.2 2.5 0.0 0.00050 1471M0 -250 -50 -1502 0.1170 0 0 0 131.8 1.7 198
Element: 847 0.2 2.5 0.0 0.00050 1487M0 -250 -50 -1514 0.1170 0 0 0 133.4 1.7 199
Element: 848 0.2 2.5 0.0 0.00050 1472M0 -250 -50 -1504 0.1170 0 0 0 135.1 1.7 200
Element: 849 0.2 2.5 0.0 0.00050 1488M0 -250 -50 -1498 0.1170 0 0 0 136.7 1.7 201
Element: 850 0.2 2.5 0.0 0.00050 1473M0 -250 -50 -1507 0.1170 0 0 0 138.3 1.7 202
Element: 851 0.2 2.5 0.0 0.00050 1489M0 -250 -50 -1496 0.1170 0 0 0 139.9 1.7 203
Element: 852 0.2 2.5 0.0 0.00050 1474M0 -250 -50 -1510 0.1170 0 0 0 141.6 1.7 204
Element: 853 0.2 2.5 0.0 0.00050 1490M0 -250 -50 -1484 0.1170 0 0 0 143.2 1.7 205
Element: 854 0.2 2.5 0.0 0.00050 1475M0 -250 -50 -1506 0.1170 0 0 0 144.9 1.8 206
Element: 855 0.2 2.5 0.0 0.00050 1491M0 -250 -50 -1498 0.1170 0 0 0 146.6 1.8 207
Element: 856 0.2 2.5 0.0 0.00050 1476M0 -250 -50 -1505 0.1170 0 0 0 148.3 1.8 208
Element: 857 0.2 2.5 0.0 0.00050 1492M0 -250 -50 -1475 0.1170 0 0 0 149.9 1.7 209
Element: 858 0.2 2.5 0.0 0.00050 1477M0 -250 -50 -1499 0.1170 0 0 0 151.6 1.7 210
Element: 859 0.2 2.5 0.0 0.00050 1493M0 -250 -50 -1492 0.1170 0 0 0 153.3 1.8 211
Element: 860 0.2 2.5 0.0 0.00050 1478M0 -250 -50 -1488 0.1170 0 0 0 155.0 1.8 212
Element: 861 0.2 2.5 0.0 0.00050 1494M0 -250 -50 -1487 0.1170 0 0 0 156.7 1.8 213
Element: 862 0.2 2.5 0.0 0.00050 1479M0 -250 -50 -1483 0.1170 0 0 0 158.5 1.8 214
Element: 863 0.2 2.5 0.0 0.00050 1495M0 -250 -50 -1489 0.1170 0 0 0 160.2 1.8 215
##
## G 64 - 96  Section EF
##
Element: 864 0.2 2.5 0.0 0.00050 1496M0 -250 -50 -1503 0.1170 0 0 0 161.9 1.8 216
Element: 865 0.2 2.5 0.0 0.00050 1512M0 -250 -50 -1503 0.1170 0 0 0 163.6 1.9 217
Element: 866 0.2 2.5 0.0 0.00050 1497M0 -250 -50 -1505 0.1170 0 0 0 165.4 1.9 218
Element: 867 0.2 2.5 0.0 0.00050 1513M0 -250 -50 -1506 0.1170 0 0 0 167.1 1.8 219
Element: 868 0.2 2.5 0.0 0.00050 1498M0 -250 -50 -1505 0.1170 0 0 0 168.9 1.8 220
Element: 869 0.2 2.5 0.0 0.00050 1514M0 -250 -50 -1507 0.1170 0 0 0 170.6 1.8 221
Element: 870 0.2 2.5 0.0 0.00050 1499M0 -250 -50 -1505 0.1170 0 0 0 172.4 1.8 222
Element: 871 0.2 2.5 0.0 0.00050 1515M0 -250 -50 -1505 0.1170 0 0 0 174.2 1.9 223
Element: 872 0.2 2.5 0.0 0.00050 1500M0 -250 -50 -1488 0.1170 0 0 0 176.0 1.9 224
Element: 873 0.2 2.5 0.0 0.00050 1516M0 -250 -50 -1487 0.1170 0 0 0 177.7 1.9 225
Element: 874 0.2 2.5 0.0 0.00050 1501M0 -250 -50 -1495 0.1170 0 0 0 179.5 1.9 226
Element: 875 0.2 2.5 0.0 0.00050 1517M0 -250 -50 -1491 0.1170 0 0 0 181.3 1.9 227
Element: 876 0.2 2.5 0.0 0.00050 1502M0 -250 -50 -1495 0.1170 0 0 0 183.2 1.9 228
Element: 877 0.2 2.5 0.0 0.00050 1518M0 -250 -50 -1499 0.1170 0 0 0 184.9 1.9 229
Element: 878 0.2 2.5 0.0 0.00050 1503M0 -250 -50 -1495 0.1170 0 0 0 186.8 1.9 230
Element: 879 0.2 2.5 0.0 0.00050 1519M0 -250 -50 -1503 0.1170 0 0 0 188.6 1.9 231
Element: 880 0.2 2.5 0.0 0.00050 1504M0 -250 -50 -1498 0.1170 0 0 0 190.4 1.9 232
Element: 881 0.2 2.5 0.0 0.00050 1520M0 -250 -50 -1493 0.1170 0 0 0 192.3 1.9 233
Element: 882 0.2 2.5 0.0 0.00050 1505M0 -250 -50 -1498 0.1170 0 0 0 194.1 2.0 234
Element: 883 0.2 2.5 0.0 0.00050 1521M0 -250 -50 -1489 0.1170 0 0 0 196.0 2.0 235
Element: 884 0.2 2.5 0.0 0.00050 1506M0 -250 -50 -1502 0.1170 0 0 0 197.8 2.0 236
Element: 885 0.2 2.5 0.0 0.00050 1522M0 -250 -50 -1492 0.1170 0 0 0 199.7 2.0 237
Element: 886 0.2 2.5 0.0 0.00050 1507M0 -250 -50 -1497 0.1170 0 0 0 201.5 1.9 238
Element: 887 0.2 2.5 0.0 0.00050 1523M0 -250 -50 -1494 0.1170 0 0 0 203.4 2.0 239
Element: 888 0.2 2.5 0.0 0.00050 1508M0 -250 -50 -1500 0.1170 0 0 0 205.3 2.0 240
Element: 889 0.2 2.5 0.0 0.00050 1524M0 -250 -50 -1487 0.1170 0 0 0 207.2 2.0 241
Element: 890 0.2 2.5 0.0 0.00050 1509M0 -250 -50 -1488 0.1170 0 0 0 209.1 2.0 242
Element: 891 0.2 2.5 0.0 0.00050 1525M0 -250 -50 -1473 0.1170 0 0 0 211.0 2.0 243
Element: 892 0.2 2.5 0.0 0.00050 1510M0 -250 -50 -1462 0.1170 0 0 0 212.9 2.0 244
Element: 893 0.2 2.5 0.0 0.00050 1526M0 -250 -50 -1482 0.1170 0 0 0 214.8 2.1 245
Element: 894 0.2 2.5 0.0 0.00050 1511M0 -250 -50 -1483 0.1170 0 0 0 216.7 2.0 246
Element: 895 0.2 2.5 0.0 0.00050 1527M0 -250 -50 -1478 0.1170 0 0 0 218.6 2.0 247
##
## G 96 - 128  Section GH
##
Element: 896 0.2 2.5 0.0 0.00050 1528M0 -250 -50 -1455 0.1170 0 0 0 220.6 2.0 248
Element: 897 0.2 2.5 0.0 0.00050 1544M0 -250 -50 -1502 0.1170 0 0 0 222.5 2.0 249
Element: 898 0.2 2.5 0.0 0.00050 1529M0 -250 -50 -1496 0.1170 0 0 0 224.5 2.1 250
Element: 899 0.2 2.5 0.0 0.00050 1545M0 -250 -50 -1496 0.1170 0 0 0 226.4 2.1 251
Element: 900 0.2 2.5 0.0 0.00050 1530M0 -250 -50 -1485 0.1170 0 0 0 228.4 2.1 252
Element: 901 0.2 2.5 0.0 0.00050 1546M0 -250 -50 -1490 0.1170 0 0 0 230.3 2.1 253
Element: 902 0.2 2.5 0.0 0.00050 1531M0 -250 -50 -1479 0.1170 0 0 0 232.3 2.1 254
Element: 903 0.2 2.5 0.0 0.00050 1547M0 -250 -50 -1488 0.1170 0 0 0 234.3 2.1 255
Element: 904 0.2 2.5 0.0 0.00050 1532M0 -250 -50 -1470 0.1170 0 0 0 236.2 2.1 256
Element: 905 0.2 2.5 0.0 0.00050 1548M0 -250 -50 -1496 0.1170 0 0 0 238.2 2.1 257
Element: 906 0.2 2.5 0.0 0.00050 1533M0 -250 -50 -1469 0.1170 0 0 0 240.2 2.1 258
Element: 907 0.2 2.5 0.0 0.00050 1549M0 -250 -50 -1485 0.1170 0 0 0 242.2 2.1 259
Element: 908 0.2 2.5 0.0 0.00050 1534M0 -250 -50 -1481 0.1170 0 0 0 244.2 2.1 260
Element: 909 0.2 2.5 0.0 0.00050 1550M0 -250 -50 -1481 0.1170 0 0 0 246.2 2.1 261
Element: 910 0.2 2.5 0.0 0.00050 1535M0 -250 -50 -1478 0.1170 0 0 0 248.2 2.2 262
Element: 911 0.2 2.5 0.0 0.00050 1551M0 -250 -50 -1487 0.1170 0 0 0 250.3 2.2 263
Element: 912 0.2 2.5 0.0 0.00050 1536M0 -250 -50 -1483 0.1170 0 0 0 252.3 2.2 264
Element: 913 0.2 2.5 0.0 0.00050 1552M0 -250 -50 -1473 0.1170 0 0 0 254.3 2.2 265
Element: 914 0.2 2.5 0.0 0.00050 1537M0 -250 -50 -1486 0.1170 0 0 0 256.3 2.1 266
Element: 915 0.2 2.5 0.0 0.00050 1553M0 -250 -50 -1470 0.1170 0 0 0 258.4 2.2 267
Element: 916 0.2 2.5 0.0 0.00050 1538M0 -250 -50 -1488 0.1170 0 0 0 260.4 2.2 268
Element: 917 0.2 2.5 0.0 0.00050 1554M0 -250 -50 -1477 0.1170 0 0 0 262.5 2.2 269
Element: 918 0.2 2.5 0.0 0.00050 1539M0 -250 -50 -1466 0.1170 0 0 0 264.5 2.2 270
Element: 919 0.2 2.5 0.0 0.00050 1555M0 -250 -50 -1482 0.1170 0 0 0 266.6 2.2 271
Element: 920 0.2 2.5 0.0 0.00050 1540M0 -250 -50 -1480 0.1170 0 0 0 268.7 2.2 272
Element: 921 0.2 2.5 0.0 0.00050 1556M0 -250 -50 -1474 0.1170 0 0 0 270.8 2.3 273
Element: 922 0.2 2.5 0.0 0.00050 1541M0 -250 -50 -1478 0.1170 0 0 0 272.8 2.3 274
Element: 923 0.2 2.5 0.0 0.00050 1557M0 -250 -50 -1466 0.1170 0 0 0 274.9 2.2 275
Element: 924 0.2 2.5 0.0 0.00050 1542M0 -250 -50 -1465 0.1170 0 0 0 277.0 2.2 276
Element: 925 0.2 2.5 0.0 0.00050 1558M0 -250 -50 -1474 0.1170 0 0 0 279.1 2.2 277
Element: 926 0.2 2.5 0.0 0.00050 1543M0 -250 -50 -1462 0.1170 0 0 0 281.2 2.2 278
Element: 927 0.2 2.5 0.0 0.00050 1559M0 -250 -50 -1466 0.1170 0 0 0 283.3 2.3 279
##
## G 128 - 160  Section IJ
##
Element: 928 0.2 2.5 0.0 0.00050 1560M0 -250 -50 -1454 0.1170 0 0 0 285.4 2.3 280
Element: 929 0.2 2.5 0.0 0.00050 1576M0 -250 -50 -1470 0.1170 0 0 0 287.5 2.3 281
Element: 930 0.2 2.5 0.0 0.00050 1561M0 -250 -50 -1466 0.1170 0 0 0 289.6 2.3 282
Element: 931 0.2 2.5 0.0 0.00050 1577M0 -250 -50 -1469 0.1170 0 0 0 291.8 2.3 283
Element: 932 0.2 2.5 0.0 0.00050 1562M0 -250 -50 -1455 0.1170 0 0 0 293.9 2.3 284
Element: 933 0.2 2.5 0.0 0.00050 1578M0 -250 -50 -1470 0.1170 0 0 0 296.1 2.3 285
Element: 934 0.2 2.5 0.0 0.00050 1563M0 -250 -50 -1449 0.1170 0 0 0 298.2 2.3 286
Element: 935 0.2 2.5 0.0 0.00050 1579M0 -250 -50 -1467 0.1170 0 0 0 300.3 2.3 287
Element: 936 0.2 2.5 0.0 0.00050 1564M0 -250 -50 -1471 0.1170 0 0 0 302.5 2.3 288
Element: 937 0.2 2.5 0.0 0.00050 1580M0 -250 -50 -1470 0.1170 0 0 0 304.6 2.3 289
Element: 938 0.2 2.5 0.0 0.00050 1565M0 -250 -50 -1435 0.1170 0 0 0 306.8 2.3 290
Element: 939 0.2 2.5 0.0 0.00050 1581M0 -250 -50 -1426 0.1170 0 0 0 308.9 2.3 291
Element: 940 0.2 2.5 0.0 0.00050 1566M0 -250 -50 -1443 0.1170 0 0 0 311.1 2.4 292
Element: 941 0.2 2.5 0.0 0.00050 1582M0 -250 -50 -1453 0.1170 0 0 0 313.3 2.4 293
Element: 942 0.2 2.5 0.0 0.00050 1567M0 -250 -50 -1450 0.1170 0 0 0 315.5 2.4 294
Element: 943 0.2 2.5 0.0 0.00050 1583M0 -250 -50 -1469 0.1170 0 0 0 317.6 2.4 295
Element: 944 0.2 2.5 0.0 0.00050 1568M0 -250 -50 -1465 0.1170 0 0 0 319.9 2.4 296
Element: 945 0.2 2.5 0.0 0.00050 1584M0 -250 -50 -1461 0.1170 0 0 0 322.0 2.3 297
Element: 946 0.2 2.5 0.0 0.00050 1569M0 -250 -50 -1463 0.1170 0 0 0 324.2 2.3 298
Element: 947 0.2 2.5 0.0 0.00050 1585M0 -250 -50 -1457 0.1170 0 0 0 326.4 2.4 299
Element: 948 0.2 2.5 0.0 0.00050 1570M0 -250 -50 -1467 0.1170 0 0 0 328.6 2.4 300
Element: 949 0.2 2.5 0.0 0.00050 1586M0 -250 -50 -1454 0.1170 0 0 0 330.8 2.4 301
Element: 950 0.2 2.5 0.0 0.00050 1571M0 -250 -50 -1466 0.1170 0 0 0 333.0 2.4 302
Element: 951 0.2 2.5 0.0 0.00050 1587M0 -250 -50 -1462 0.1170 0 0 0 335.3 2.4 303
Element: 952 0.2 2.5 0.0 0.00050 1572M0 -250 -50 -1468 0.1170 0 0 0 337.5 2.4 304
Element: 953 0.2 2.5 0.0 0.00050 1588M0 -250 -50 -1442 0.1170 0 0 0 339.7 2.4 305
Element: 954 0.2 2.5 0.0 0.00050 1573M0 -250 -50 -1463 0.1170 0 0 0 341.9 2.5 306
Element: 955 0.2 2.5 0.0 0.00050 1589M0 -250 -50 -1441 0.1170 0 0 0 344.2 2.4 307
Element: 956 0.2 2.5 0.0 0.00050 1574M0 -250 -50 -1446 0.1170 0 0 0 346.4 2.4 308
Element: 957 0.2 2.5 0.0 0.00050 1590M0 -250 -50 -1452 0.1170 0 0 0 348.6 2.4 309
Element: 958 0.2 2.5 0.0 0.00050 1575M0 -250 -50 -1455 0.1170 0 0 0 350.9 2.4 310
Element: 959 0.2 2.5 0.0 0.00050 1591M0 -250 -50 -1452 0.1170 0 0 0 353.1 2.4 311
##
## G 160 - 192  Section KL
##
Element: 960 0.2 2.5 0.0 0.00050 1592M0 -250 -50 -1434 0.1170 0 0 0 355.4 2.4 312
Element: 961 0.2 2.5 0.0 0.00050 1608M0 -250 -50 -1460 0.1170 0 0 0 357.6 2.5 313
Element: 962 0.2 2.5 0.0 0.00050 1593M0 -250 -50 -1456 0.1170 0 0 0 359.9 2.5 314
Element: 963 0.2 2.5 0.0 0.00050 1609M0 -250 -50 -1461 0.1170 0 0 0 362.2 2.5 315
Element: 964 0.2 2.5 0.0 0.00050 1594M0 -250 -50 -1456 0.1170 0 0 0 364.4 2.5 316
Element: 965 0.2 2.5 0.0 0.00050 1610M0 -250 -50 -1455 0.1170 0 0 0 366.7 2.5 317
Element: 966 0.2 2.5 0.0 0.00050 1595M0 -250 -50 -1458 0.1170 0 0 0 369.0 2.5 318
Element: 967 0.2 2.5 0.0 0.00050 1611M0 -250 -50 -1453 0.1170 0 0 0 371.2 2.4 319
Element: 968 0.2 2.5 0.0 0.00050 1596M0 -250 -50 -1450 0.1170 0 0 0 373.5 2.4 320
Element: 969 0.2 2.5 0.0 0.00050 1612M0 -250 -50 -1464 0.1170 0 0 0 375.8 2.5 321
Element: 970 0.2 2.5 0.0 0.00050 1597M0 -250 -50 -1454 0.1170 0 0 0 378.1 2.5 322
Element: 971 0.2 2.5 0.0 0.00050 1613M0 -250 -50 -1468 0.1170 0 0 0 380.4 2.5 323
Element: 972 0.2 2.5 0.0 0.00050 1598M0 -250 -50 -1436 0.1170 0 0 0 382.7 2.5 324
Element: 973 0.2 2.5 0.0 0.00050 1614M0 -250 -50 -1450 0.1170 0 0 0 385.0 2.5 325
Element: 974 0.2 2.5 0.0 0.00050 1599M0 -250 -50 -1447 0.1170 0 0 0 387.3 2.5 326
Element: 975 0.2 2.5 0.0 0.00050 1615M0 -250 -50 -1463 0.1170 0 0 0 389.6 2.5 327
Element: 976 0.2 2.5 0.0 0.00050 1600M0 -250 -50 -1460 0.1170 0 0 0 391.9 2.6 328
Element: 977 0.2 2.5 0.0 0.00050 1616M0 -250 -50 -1446 0.1170 0 0 0 394.2 2.5 329
Element: 978 0.2 2.5 0.0 0.00050 1601M0 -250 -50 -1461 0.1170 0 0 0 396.5 2.5 330
Element: 979 0.2 2.5 0.0 0.00050 1617M0 -250 -50 -1445 0.1170 0 0 0 398.8 2.5 331
Element: 980 0.2 2.5 0.0 0.00050 1602M0 -250 -50 -1464 0.1170 0 0 0 401.1 2.5 332
Element: 981 0.2 2.5 0.0 0.00050 1618M0 -250 -50 -1457 0.1170 0 0 0 403.5 2.5 333
Element: 982 0.2 2.5 0.0 0.00050 1603M0 -250 -50 -1457 0.1170 0 0 0 405.8 2.5 334
Element: 983 0.2 2.5 0.0 0.00050 1619M0 -250 -50 -1457 0.1170 0 0 0 408.1 2.6 335
Element: 984 0.2 2.5 0.0 0.00050 1604M0 -250 -50 -1464 0.1170 0 0 0 410.4 2.6 336
Element: 985 0.2 2.5 0.0 0.00050 1620M0 -250 -50 -1451 0.1170 0 0 0 412.8 2.6 337
Element: 986 0.2 2.5 0.0 0.00050 1605M0 -250 -50 -1457 0.1170 0 0 0 415.1 2.6 338
Element: 987 0.2 2.5 0.0 0.00050 1621M0 -250 -50 -1448 0.1170 0 0 0 417.4 2.6 339
Element: 988 0.2 2.5 0.0 0.00050 1606M0 -250 -50 -1442 0.1170 0 0 0 419.8 2.6 340
Element: 989 0.2 2.5 0.0 0.00050 1622M0 -250 -50 -1448 0.1170 0 0 0 422.1 2.5 341
Element: 990 0.2 2.5 0.0 0.00050 1607M0 -250 -50 -1447 0.1170 0 0 0 424.5 2.5 342
Element: 991 0.2 2.5 0.0 0.00050 1623M0 -250 -50 -1440 0.1170 0 0 0 426.8 2.5 343
##
## G 192 - 224  Section MN
##
Element: 992 0.2 2.5 0.0 0.00050 1624M0 -250 -50 -1442 0.1170 0 0 0 429.2 2.6 344
Element: 993 0.2 2.5 0.0 0.00050 1640M0 -250 -50 -1452 0.1170 0 0 0 431.5 2.6 345
Element: 994 0.2 2.5 0.0 0.00050 1625M0 -250 -50 -1436 0.1170 0 0 0 433.9 2.6 346
Element: 995 0.2 2.5 0.0 0.00050 1641M0 -250 -50 -1453 0.1170 0 0 0 436.2 2.6 347
Element: 996 0.2 2.5 0.0 0.00050 1626M0 -250 -50 -1469 0.1170 0 0 0 438.6 2.6 348
Element: 997 0.2 2.5 0.0 0.00050 1642M0 -250 -50 -1455 0.1170 0 0 0 441.0 2.6 349
Element: 998 0.2 2.5 0.0 0.00050 1627M0 -250 -50 -1461 0.1170 0 0 0 443.3 2.6 350
Element: 999 0.2 2.5 0.0 0.00050 1643M0 -250 -50 -1449 0.1170 0 0 0 445.7 2.7 351
Element: 1000 0.2 2.5 0.0 0.00050 1628M0 -250 -50 -1471 0.1170 0 0 0 448.1 2.6 352
Element: 1001 0.2 2.5 0.0 0.00050 1644M0 -250 -50 -1467 0.1170 0 0 0 450.4 2.6 353
Element: 1002 0.2 2.5 0.0 0.00050 1629M0 -250 -50 -1419 0.1170 0 0 0 452.8 2.6 354
Element: 1003 0.2 2.5 0.0 0.00050 1645M0 -250 -50 -1448 0.1170 0 0 0 455.2 2.6 355
Element: 1004 0.2 2.5 0.0 0.00050 1630M0 -250 -50 -1444 0.1170 0 0 0 457.5 2.6 356
Element: 1005 0.2 2.5 0.0 0.00050 1646M0 -250 -50 -1472 0.1170 0 0 0 459.9 2.6 357
Element: 1006 0.2 2.5 0.0 0.00050 1631M0 -250 -50 -1462 0.1170 0 0 0 462.3 2.6 358
Element: 1007 0.2 2.5 0.0 0.00050 1647M0 -250 -50 -1451 0.1170 0 0 0 464.7 2.7 359
Element: 1008 0.2 2.5 0.0 0.00050 1632M0 -250 -50 -1444 0.1170 0 0 0 467.1 2.7 360
Element: 1009 0.2 2.5 0.0 0.00050 1648M0 -250 -50 -1441 0.1170 0 0 0 469.5 2.7 361
Element: 1010 0.2 2.5 0.0 0.00050 1633M0 -250 -50 -1450 0.1170 0 0 0 471.8 2.7 362
Element: 1011 0.2 2.5 0.0 0.00050 1649M0 -250 -50 -1442 0.1170 0 0 0 474.2 2.7 363
Element: 1012 0.2 2.5 0.0 0.00050 1634M0 -250 -50 -1453 0.1170 0 0 0 476.7 2.7 364
Element: 1013 0.2 2.5 0.0 0.00050 1650M0 -250 -50 -1448 0.1170 0 0 0 479.0 2.6 365
Element: 1014 0.2 2.5 0.0 0.00050 1635M0 -250 -50 -1447 0.1170 0 0 0 481.4 2.6 366
Element: 1015 0.2 2.5 0.0 0.00050 1651M0 -250 -50 -1444 0.1170 0 0 0 483.8 2.6 367
Element: 1016 0.2 2.5 0.0 0.00050 1636M0 -250 -50 -1455 0.1170 0 0 0 486.2 2.6 368
Element: 1017 0.2 2.5 0.0 0.00050 1652M0 -250 -50 -1427 0.1170 0 0 0 488.6 2.7 369
Element: 1018 0.2 2.5 0.0 0.00050 1637M0 -250 -50 -1429 0.1170 0 0 0 491.0 2.7 370
Element: 1019 0.2 2.5 0.0 0.00050 1653M0 -250 -50 -1434 0.1170 0 0 0 493.4 2.7 371
Element: 1020 0.2 2.5 0.0 0.00050 1638M0 -250 -50 -1429 0.1170 0 0 0 495.8 2.7 372
Element: 1021 0.2 2.5 0.0 0.00050 1654M0 -250 -50 -1438 0.1170 0 0 0 498.2 2.7 373
Element: 1022 0.2 2.5 0.0 0.00050 1639M0 -250 -50 -1441 0.1170 0 0 0 500.6 2.7 374
Element: 1023 0.2 2.5 0.0 0.00050 1655M0 -250 -50 -1438 0.1170 0 0 0 503.0 2.7 375
##
## G 224 - 256  Section OP
##
Element: 1024 0.2 2.5 0.0 0.00050 1656M0 -250 -50 -1426 0.1170 0 0 0 505.5 2.7 376
Element: 1025 0.2 2.5 0.0 0.00050 1672M0 -250 -50 -1438 0.1170 0 0 0 507.8 2.6 377
Element: 1026 0.2 2.5 0.0 0.00050 1657M0 -250 -50 -1434 0.1170 0 0 0 510.2 2.6 378
Element: 1027 0.2 2.5 0.0 0.00050 1673M0 -250 -50 -1438 0.1170 0 0 0 512.6 2.6 379
Element: 1028 0.2 2.5 0.0 0.00050 1658M0 -250 -50 -1439 0.1170 0 0 0 515.1 2.7 380
Element: 1029 0.2 2.5 0.0 0.00050 1674M0 -250 -50 -1427 0.1170 0 0 0 517.5 2.7 381
Element: 1030 0.2 2.5 0.0 0.00050 1659M0 -250 -50 -1439 0.1170 0 0 0 519.9 2.7 382
Element: 1031 0.2 2.5 0.0 0.00050 1675M0 -250 -50 -1437 0.1170 0 0 0 522.3 2.7 383
Element: 1032 0.2 2.5 0.0 0.00050 1660M0 -250 -50 -1437 0.1170 0 0 0 524.7 2.7 384
Element: 1033 0.2 2.5 0.0 0.00050 1676M0 -250 -50 -1432 0.1170 0 0 0 527.1 2.7 385
Element: 1034 0.2 2.5 0.0 0.00050 1661M0 -250 -50 -1431 0.1170 0 0 0 529.5 2.7 386
Element: 1035 0.2 2.5 0.0 0.00050 1677M0 -250 -50 -1434 0.1170 0 0 0 532.0 2.7 387
Element: 1036 0.2 2.5 0.0 0.00050 1662M0 -250 -50 -1431 0.1170 0 0 0 534.4 2.7 388
Element: 1037 0.2 2.5 0.0 0.00050 1678M0 -250 -50 -1440 0.1170 0 0 0 536.8 2.6 389
Element: 1038 0.2 2.5 0.0 0.00050 1663M0 -250 -50 -1425 0.1170 0 0 0 539.2 2.7 390
Element: 1039 0.2 2.5 0.0 0.00050 1679M0 -250 -50 -1434 0.1170 0 0 0 541.6 2.7 391
Element: 1040 0.2 2.5 0.0 0.00050 1664M0 -250 -50 -1420 0.1170 0 0 0 544.1 2.7 392
Element: 1041 0.2 2.5 0.0 0.00050 1680M0 -250 -50 -1415 0.1170 0 0 0 546.5 2.7 393
Element: 1042 0.2 2.5 0.0 0.00050 1665M0 -250 -50 -1426 0.1170 0 0 0 548.9 2.7 394
Element: 1043 0.2 2.5 0.0 0.00050 1681M0 -250 -50 -1426 0.1170 0 0 0 551.3 2.7 395
Element: 1044 0.2 2.5 0.0 0.00050 1666M0 -250 -50 -1441 0.1170 0 0 0 553.8 2.7 396
Element: 1045 0.2 2.5 0.0 0.00050 1682M0 -250 -50 -1428 0.1170 0 0 0 556.2 2.7 397
Element: 1046 0.2 2.5 0.0 0.00050 1667M0 -250 -50 -1432 0.1170 0 0 0 558.6 2.8 398
Element: 1047 0.2 2.5 0.0 0.00050 1683M0 -250 -50 -1431 0.1170 0 0 0 561.0 2.8 399
Element: 1048 0.2 2.5 0.0 0.00050 1668M0 -250 -50 -1428 0.1170 0 0 0 563.5 2.7 400
Element: 1049 0.2 2.5 0.0 0.00050 1684M0 -250 -50 -1419 0.1170 0 0 0 565.9 2.7 401
Element: 1050 0.2 2.5 0.0 0.00050 1669M0 -250 -50 -1431 0.1170 0 0 0 568.3 2.7 402
Element: 1051 0.2 2.5 0.0 0.00050 1685M0 -250 -50 -1420 0.1170 0 0 0 570.7 2.7 403
Element: 1052 0.2 2.5 0.0 0.00050 1670M0 -250 -50 -1425 0.1170 0 0 0 573.1 2.7 404
Element: 1053 0.2 2.5 0.0 0.00050 1686M0 -250 -50 -1415 0.1170 0 0 0 575.6 2.7 405
Element: 1054 0.2 2.5 0.0 0.00050 1671M0 -250 -50 -1418 0.1170 0 0 0 578.0 2.7 406
Element: 1055 0.2 2.5 0.0 0.00050 1687M0 -250 -50 -1420 0.1170 0 0 0 580.4 2.7 407
##
## G 256 - 288  Section QR
##
Element: 1056 0.2 2.5 0.0 0.00050 1688M0 -250 -50 -1408 0.1170 0 0 0 582.9 2.7 408
Element: 1057 0.2 2.5 0.0 0.00050 1704M0 -250 -50 -1425 0.1170 0 0 0 585.3 2.8 409
Element: 1058 0.2 2.5 0.0 0.00050 1689M0 -250 -50 -1421 0.1170 0 0 0 587.7 2.8 410
Element: 1059 0.2 2.5 0.0 0.00050 1705M0 -250 -50 -1415 0.1170 0 0 0 590.1 2.8 411
Element: 1060 0.2 2.5 0.0 0.00050 1690M0 -250 -50 -1435 0.1170 0 0 0 592.6 2.7 412
Element: 1061 0.2 2.5 0.0 0.00050 1706M0 -250 -50 -1416 0.1170 0 0 0 595.0 2.7 413
Element: 1062 0.2 2.5 0.0 0.00050 1691M0 -250 -50 -1413 0.1170 0 0 0 597.4 2.7 414
Element: 1063 0.2 2.5 0.0 0.00050 1707M0 -250 -50 -1424 0.1170 0 0 0 599.8 2.7 415
Element: 1064 0.2 2.5 0.0 0.00050 1692M0 -250 -50 -1426 0.1170 0 0 0 602.3 2.7 416
Element: 1065 0.2 2.5 0.0 0.00050 1708M0 -250 -50 -1420 0.1170 0 0 0 604.7 2.7 417
Element: 1066 0.2 2.5 0.0 0.00050 1693M0 -250 -50 -1428 0.1170 0 0 0 607.1 2.7 418
Element: 1067 0.2 2.5 0.0 0.00050 1709M0 -250 -50 -1425 0.1170 0 0 0 609.5 2.7 419
Element: 1068 0.2 2.5 0.0 0.00050 1694M0 -250 -50 -1416 0.1170 0 0 0 612.0 2.8 420
Element: 1069 0.2 2.5 0.0 0.00050 1710M0 -250 -50 -1434 0.1170 0 0 0 614.4 2.8 421
Element: 1070 0.2 2.5 0.0 0.00050 1695M0 -250 -50 -1430 0.1170 0 0 0 616.8 2.8 422
Element: 1071 0.2 2.5 0.0 0.00050 1711M0 -250 -50 -1431 0.1170 0 0 0 619.2 2.8 423
Element: 1072 0.2 2.5 0.0 0.00050 1696M0 -250 -50 -1425 0.1170 0 0 0 621.7 2.7 424
Element: 1073 0.2 2.5 0.0 0.00050 1712M0 -250 -50 -1419 0.1170 0 0 0 624.1 2.7 425
Element: 1074 0.2 2.5 0.0 0.00050 1697M0 -250 -50 -1414 0.1170 0 0 0 626.5 2.7 426
Element: 1075 0.2 2.5 0.0 0.00050 1713M0 -250 -50 -1413 0.1170 0 0 0 628.9 2.7 427
Element: 1076 0.2 2.5 0.0 0.00050 1698M0 -250 -50 -1415 0.1170 0 0 0 631.3 2.7 428
Element: 1077 0.2 2.5 0.0 0.00050 1714M0 -250 -50 -1410 0.1170 0 0 0 633.8 2.7 429
Element: 1078 0.2 2.5 0.0 0.00050 1699M0 -250 -50 -1416 0.1170 0 0 0 636.2 2.8 430
Element: 1079 0.2 2.5 0.0 0.00050 1715M0 -250 -50 -1411 0.1170 0 0 0 638.6 2.8 431
Element: 1080 0.2 2.5 0.0 0.00050 1700M0 -250 -50 -1420 0.1170 0 0 0 641.0 2.8 432
Element: 1081 0.2 2.5 0.0 0.00050 1716M0 -250 -50 -1405 0.1170 0 0 0 643.4 2.8 433
Element: 1082 0.2 2.5 0.0 0.00050 1701M0 -250 -50 -1412 0.1170 0 0 0 645.8 2.8 434
Element: 1083 0.2 2.5 0.0 0.00050 1717M0 -250 -50 -1402 0.1170 0 0 0 648.3 2.8 435
Element: 1084 0.2 2.5 0.0 0.00050 1702M0 -250 -50 -1409 0.1170 0 0 0 650.7 2.7 436
Element: 1085 0.2 2.5 0.0 0.00050 1718M0 -250 -50 -1408 0.1170 0 0 0 653.1 2.7 437
Element: 1086 0.2 2.5 0.0 0.00050 1703M0 -250 -50 -1410 0.1170 0 0 0 655.5 2.7 438
Element: 1087 0.2 2.5 0.0 0.00050 1719M0 -250 -50 -1400 0.1170 0 0 0 657.9 2.7 439
##
## G 288 - 320  Section ST
##
Element: 1088 0.2 2.5 0.0 0.00050 1720M0 -250 -50 -1413 0.1170 0 0 0 660.3 2.7 440
Element: 1089 0.2 2.5 0.0 0.00050 1736M0 -250 -50 -1416 0.1170 0 0 0 662.7 2.7 441
Element: 1090 0.2 2.5 0.0 0.00050 1721M0 -250 -50 -1428 0.1170 0 0 0 665.2 2.7 442
Element: 1091 0.2 2.5 0.0 0.00050 1737M0 -250 -50 -1438 0.1170 0 0 0 667.6 2.8 443
Element: 1092 0.2 2.5 0.0 0.00050 1722M0 -250 -50 -1433 0.1170 0 0 0 670.0 2.8 444
Element: 1093 0.2 2.5 0.0 0.00050 1738M0 -250 -50 -1437 0.1170 0 0 0 672.4 2.8 445
Element: 1094 0.2 2.5 0.0 0.00050 1723M0 -250 -50 -1436 0.1170 0 0 0 674.8 2.8 446
Element: 1095 0.2 2.5 0.0 0.00050 1739M0 -250 -50 -1439 0.1170 0 0 0 677.2 2.8 447
Element: 1096 0.2 2.5 0.0 0.00050 1724M0 -250 -50 -1434 0.1170 0 0 0 679.6 2.7 448
Element: 1097 0.2 2.5 0.0 0.00050 1740M0 -250 -50 -1432 0.1170 0 0 0 682.0 2.7 449
Element: 1098 0.2 2.5 0.0 0.00050 1725M0 -250 -50 -1424 0.1170 0 0 0 684.4 2.7 450
Element: 1099 0.2 2.5 0.0 0.00050 1741M0 -250 -50 -1421 0.1170 0 0 0 686.8 2.7 451
Element: 1100 0.2 2.5 0.0 0.00050 1726M0 -250 -50 -1413 0.1170 0 0 0 689.2 2.7 452
Element: 1101 0.2 2.5 0.0 0.00050 1742M0 -250 -50 -1420 0.1170 0 0 0 691.6 2.7 453
Element: 1102 0.2 2.5 0.0 0.00050 1727M0 -250 -50 -1414 0.1170 0 0 0 694.0 2.7 454
Element: 1103 0.2 2.5 0.0 0.00050 1743M0 -250 -50 -1416 0.1170 0 0 0 696.4 2.8 455
Element: 1104 0.2 2.5 0.0 0.00050 1728M0 -250 -50 -1415 0.1170 0 0 0 698.8 2.8 456
Element: 1105 0.2 2.5 0.0 0.00050 1744M0 -250 -50 -1414 0.1170 0 0 0 701.2 2.8 457
Element: 1106 0.2 2.5 0.0 0.00050 1729M0 -250 -50 -1420 0.1170 0 0 0 703.6 2.8 458
Element: 1107 0.2 2.5 0.0 0.00050 1745M0 -250 -50 -1533 0.1170 0 0 0 706.0 2.8 459
Element: 1108 0.2 2.5 0.0 0.00050 1730M0 -250 -50 -1419 0.1170 0 0 0 708.4 2.7 460
Element: 1109 0.2 2.5 0.0 0.00050 1746M0 -250 -50 -1414 0.1170 0 0 0 710.8 2.7 461
Element: 1110 0.2 2.5 0.0 0.00050 1731M0 -250 -50 -1419 0.1170 0 0 0 713.2 2.7 462
Element: 1111 0.2 2.5 0.0 0.00050 1747M0 -250 -50 -1410 0.1170 0 0 0 715.6 2.7 463
Element: 1112 0.2 2.5 0.0 0.00050 1732M0 -250 -50 -1419 0.1170 0 0 0 717.9 2.7 464
Element: 1113 0.2 2.5 0.0 0.00050 1748M0 -250 -50 -1405 0.1170 0 0 0 720.3 2.7 465
Element: 1114 0.2 2.5 0.0 0.00050 1733M0 -250 -50 -1411 0.1170 0 0 0 722.7 2.7 466
Element: 1115 0.2 2.5 0.0 0.00050 1749M0 -250 -50 -1406 0.1170 0 0 0 725.1 2.8 467
Element: 1116 0.2 2.5 0.0 0.00050 1734M0 -250 -50 -1399 0.1170 0 0 0 727.5 2.8 468
Element: 1117 0.2 2.5 0.0 0.00050 1750M0 -250 -50 -1401 0.1170 0 0 0 729.9 2.8 469
Element: 1118 0.2 2.5 0.0 0.00050 1735M0 -250 -50 -1413 0.1170 0 0 0 732.2 2.8 470
Element: 1119 0.2 2.5 0.0 0.00050 1751M0 -250 -50 -1397 0.1170 0 0 0 734.6 2.8 471
##
## G 320 - 352  Section UV
##
Element: 1120 0.2 2.5 0.0 0.00050 1752M0 -250 -50 -1402 0.1170 0 0 0 737.0 2.8 472
Element: 1121 0.2 2.5 0.0 0.00050 1768M0 -250 -50 -1414 0.1170 0 0 0 739.4 2.7 473
Element: 1122 0.2 2.5 0.0 0.00050 1753M0 -250 -50 -1406 0.1170 0 0 0 741.7 2.7 474
Element: 1123 0.2 2.5 0.0 0.00050 1769M0 -250 -50 -1410 0.1170 0 0 0 744.1 2.7 475
Element: 1124 0.2 2.5 0.0 0.00050 1754M0 -250 -50 -1413 0.1170 0 0 0 746.5 2.7 476
Element: 1125 0.2 2.5 0.0 0.00050 1770M0 -250 -50 -1413 0.1170 0 0 0 748.8 2.7 477
Element: 1126 0.2 2.5 0.0 0.00050 1755M0 -250 -50 -1413 0.1170 0 0 0 751.2 2.7 478
Element: 1127 0.2 2.5 0.0 0.00050 1771M0 -250 -50 -1410 0.1170 0 0 0 753.6 2.7 479
Element: 1128 0.2 2.5 0.0 0.00050 1756M0 -250 -50 -1414 0.1170 0 0 0 755.9 2.7 480
Element: 1129 0.2 2.5 0.0 0.00050 1772M0 -250 -50 -1406 0.1170 0 0 0 758.3 2.8 481
Element: 1130 0.2 2.5 0.0 0.00050 1757M0 -250 -50 -1402 0.1170 0 0 0 760.6 2.8 482
Element: 1131 0.2 2.5 0.0 0.00050 1773M0 -250 -50 -1408 0.1170 0 0 0 763.0 2.8 483
Element: 1132 0.2 2.5 0.0 0.00050 1758M0 -250 -50 -1398 0.1170 0 0 0 765.4 2.8 484
Element: 1133 0.2 2.5 0.0 0.00050 1774M0 -250 -50 -1399 0.1170 0 0 0 767.7 2.8 485
Element: 1134 0.2 2.5 0.0 0.00050 1759M0 -250 -50 -1406 0.1170 0 0 0 770.1 2.7 486
Element: 1135 0.2 2.5 0.0 0.00050 1775M0 -250 -50 -1407 0.1170 0 0 0 772.4 2.7 487
Element: 1136 0.2 2.5 0.0 0.00050 1760M0 -250 -50 300 0.1170 0 0 0 774.8 2.7 488
Element: 1137 0.2 2.5 0.0 0.00050 1776M0 -250 -50 300 0.1170 0 0 0 777.1 2.7 489
Element: 1138 0.2 2.5 0.0 0.00050 1761M0 -250 -50 300 0.1170 0 0 0 779.5 2.7 490
Element: 1139 0.2 2.5 0.0 0.00050 1777M0 -250 -50 300 0.1170 0 0 0 781.8 2.7 491
Element: 1140 0.2 2.5 0.0 0.00050 1762M0 -250 -50 300 0.1170 0 0 0 784.1 2.7 492
Element: 1141 0.2 2.5 0.0 0.00050 1778M0 -250 -50 300 0.1170 0 0 0 786.5 2.7 493
Element: 1142 0.2 2.5 0.0 0.00050 1763M0 -250 -50 300 0.1170 0 0 0 788.8 2.7 494
Element: 1143 0.2 2.5 0.0 0.00050 1779M0 -250 -50 300 0.1170 0 0 0 791.2 2.8 495
Element: 1144 0.2 2.5 0.0 0.00050 1764M0 -250 -50 300 0.1170 0 0 0 793.5 2.8 496
Element: 1145 0.2 2.5 0.0 0.00050 1780M0 -250 -50 300 0.1170 0 0 0 795.8 2.8 497
Element: 1146 0.2 2.5 0.0 0.00050 1765M0 -250 -50 300 0.1170 0 0 0 798.2 2.8 498
Element: 1147 0.2 2.5 0.0 0.00050 1781M0 -250 -50 300 0.1170 0 0 0 800.5 2.7 499
Element: 1148 0.2 2.5 0.0 0.00050 1766M0 -250 -50 300 0.1170 0 0 0 802.8 2.7 500
Element: 1149 0.2 2.5 0.0 0.00050 1782M0 -250 -50 300 0.1170 0 0 0 805.1 2.7 501
Element: 1150 0.2 2.5 0.0 0.00050 1767M0 -250 -50 300 0.1170 0 0 0 807.5 2.7 502
Element: 1151 0.2 2.5 0.0 0.00050 1783M0 -250 -50 300 0.1170 0 0 0 809.8 2.7 503
#
Initialise: 
#
Display: 1D Nhits       64 0 64
Display: 1D NhitsPrompt 64 0 64
Display: 1D NhitsRand   64 0 64
Display: 1D Hits        352 0 352
Display: 1D HitsPrompt  352 0 352
Display: 1D HitsRand    352 0 352
#Display: 1D EnergyOR    200 0 2.5
#Display: 1D TimeOR     600 -100 500
Display: 1D TimeOR     1000 50 167
#Display: 1D Energy 100 0 2.5   0 352
#Display: 1D Time  1000 0 500   0 352
Display: 1D Eelect   500 0 1445.0
Display: 1D ScalerCurr 352 0 352
Display: 1D ScalerAcc  352 0 352
#Display: 1D Doubles  	352 0 352
#Display: 1D NDoubles  	32 0 32
#Display: 2D EnergyOR 100 0 2.5 -1 Hits 352 0 352 -1
#Display: 2D EnergyOR 100 0 2.5 -1 Doubles 352 0 352 -1
Display: 2D TimeOR   150 50 200 -1 Hits 352 0 352 -1
#Display: 2D DiffTimeOR  100 -11.7 11.7 -1 Doubles 352 0 352 -1
#Display: 1D DiffTime  100 -11.7 11.7  0 352
#Display: 1D DiffTimeOR  100 -11.7 11.7
#
Display: 1D NhitsM 64 0 64
Display: 1D HitsM0 352 0 352
Display: 1D TimeORM0 600 -100 500
#Display: 1D TimeM0 1000 0 500 0 352
Display: 1D HitsM1 352 0 352
Display: 1D TimeORM1 1000 0 500
#Display: 1D TimeM1 1000 0 500 0 352
Display: 1D HitsM2 352 0 352
Display: 1D TimeORM2 1000 0 500
#Display: 1D TimeM2 1000 0 500 0 352
#
Display: 1D NDoubles   	30    0   30
Display: 1D Doubles   	352    0   352
