0.8988
0.9232
1.0383
0.9186
1.0357
1.0129
1.0320
1.1601
1.0606
0.8422
0.7484
0.9692
1.0352
0.8478
1.0158
0.9414
0.9236
1.1397
0.9482
1.0972
0.9068
1.1489
0.9884
1.1681
0.9775
1.0198
0.0000
1.1494
1.0793
0.0000
0.0000
0.0000
0.0000
0.0000
0.0000
0.0000
0.0000
0.0000
0.0000
0.9926
0.0000
1.3290
1.1770
0.9347
1.0210
1.0942
0.9072
0.7983
0.9548
0.8344
0.9286
1.1933
0.9255
0.9963
1.0568
0.8793
0.9457
0.9492
0.8936
1.4979
0.9982
1.0393
0.9885
0.9622
0.9633
0.9118
0.9911
0.9030
1.0456
1.0362
1.0831
1.0782
0.9946
1.0475
0.9398
0.8441
1.1328
0.9776
1.0418
0.7723
1.0028
0.9560
1.0817
1.1176
1.0268
1.0030
1.1613
1.0740
0.9875
1.0551
0.8851
0.9357
0.9451
0.8570
0.9871
0.8981
0.9102
1.0111
0.9804
0.8022
1.1418
1.0203
1.0611
1.1959
1.0012
1.1768
1.0877
1.0876
1.1168
0.9516
0.8365
0.9483
0.7952
0.9679
1.0165
0.9515
0.8868
0.8104
1.0905
1.0231
0.8341
1.1165
0.9575
0.9971
1.1208
1.0847
1.1133
0.9529
1.0544
1.1586
0.8551
0.8636
0.9401
0.9973
0.8799
0.8944
0.7382
1.0241
0.9374
1.1218
0.9198
0.9405
0.9049
0.8837
0.9235
1.0360
0.9590
1.1963
1.1797
1.1488
1.0969
0.9998
0.8655
1.0191
0.9696
0.9282
1.0516
1.0753
0.8224
1.0391
0.8831
1.0054
0.4122
0.8839
0.8749
0.8861
1.0678
0.8556
0.4618
1.0285
1.1316
1.0148
1.0647
0.9751
1.1460
1.0434
0.8848
0.9654
1.0058
0.9279
0.6616
0.9456
0.8786
1.1128
0.8563
1.0013
0.9895
1.0866
1.2239
0.8181
1.0337
0.9708
0.9038
1.0495
1.0325
0.9408
1.2320
1.0250
0.9843
0.8253
0.8973
0.8009
0.8344
1.8144
0.9367
0.7192
1.6242
0.9367
0.9940
0.9051
0.8764
1.1680
1.0467
1.0228
1.1225
0.8881
0.9181
1.0661
0.8501
0.8997
1.1005
0.8560
0.8833
0.7387
0.9284
0.9467
1.1246
1.0835
1.0329
0.9382
1.0137
0.9792
1.0846
0.6692
1.1557
1.1260
0.9247
0.8616
0.9440
0.9560
0.9696
1.1633
0.9564
0.8111
1.1470
1.0940
1.1508
0.9206
1.0408
1.0886
1.1378
0.9479
1.0601
1.2946
0.9635
0.9170
1.2075
0.9319
0.8656
0.9334
0.8733
0.8301
1.0688
0.9770
1.2011
1.0817
0.8461
0.8681
1.1411
0.8787
1.0698
0.9817
1.0375
0.9798
1.0488
1.0450
0.9787
0.8787
1.0631
0.9553
1.0051
1.0550
0.8765
0.8699
0.8621
1.0713
0.9106
0.7473
1.0014
1.0447
1.0319
1.0013
1.1297
0.8499
0.8978
0.8419
1.0576
0.9494
1.4183
1.1175
0.9447
0.9212
0.8977
1.0190
0.9288
0.8645
0.9138
0.9341
1.2462
0.9550
0.9862
0.0000
1.0573
1.1325
1.0596
0.0000
0.0000
1.0946
0.0000
0.0000
0.9698
0.9889
0.8881
1.5283
1.1226
1.0021
1.0703
0.8395
1.1342
0.8381
0.9216
0.8985
1.2312
1.2396
0.8439
0.8675
0.9042
0.9308
0.9968
1.0186
1.0460
1.1384
1.0281
1.0337
0.8537
0.9821
0.9941
1.0751
1.1007
1.1557
1.0716
1.0922
1.1492
0.0000
0.0000
0.0000
0.0000
0.0000
0.0000
0.0000
0.0000
0.0000
0.0000
0.0000
0.0000
0.0000
0.0000
1.0924
1.0862
0.9781
0.9734
0.9406
0.9616
0.9970
1.0909
1.0983
1.0137
0.9392
0.9102
1.0115
0.9763
0.9478
1.1337
0.8900
1.0778
1.1824
1.0070
0.8566
1.0680
0.9453
1.0633
1.1482
0.9088
1.1061
1.0535
1.1395
1.2235
1.1868
1.1594
1.1958
0.0000
0.0000
0.0000
1.1947
0.9343
0.0000
1.1808
0.9723
0.0000
1.0923
0.9174
0.9989
0.9345
1.0243
1.1499
0.9686
1.0458
1.1683
0.9385
1.1344
1.0110
0.9541
1.1369
0.9914
1.0949
0.9589
0.9750
0.9399
1.0221
1.0015
0.9750
0.9344
0.9923
0.9056
1.1295
1.0077
1.0121
1.0681
1.1418
0.8855
1.1690
0.8412
1.1027
1.2792
1.0256
0.9296
0.9276
0.9780
0.9401
0.9895
1.0629
1.0418
0.9400
1.3246
0.9770
0.9934
1.1497
1.1856
0.9403
1.0347
0.9183
0.9040
1.0369
1.7508
1.1295
1.0538
1.0065
0.9270
0.8935
1.0039
0.9692
0.8361
0.9923
1.0307
1.0643
0.8967
0.9936
1.1191
1.2043
0.9287
1.0319
1.0420
0.8603
0.9233
0.9789
1.3400
0.9611
0.8746
0.9682
0.8207
0.8319
0.9950
1.1113
1.1271
1.1100
1.1517
0.9711
1.1318
1.0227
1.2027
1.3026
1.2920
0.9759
0.8930
0.8994
1.3038
0.7732
0.9742
0.9343
1.0823
1.1942
0.9509
1.1838
0.9565
0.9589
0.9351
1.0080
0.9945
0.5004
1.0956
0.8670
0.9528
1.0502
0.9829
1.0044
1.0201
1.0557
0.9104
0.7542
0.6974
0.9131
0.8051
1.0239
1.0330
0.9508
1.0615
1.0792
1.1715
1.0800
1.0731
1.0072
1.0307
0.9720
1.0130
1.1188
1.0007
1.1175
1.0359
1.0898
1.0983
1.0421
1.1089
0.9538
0.9193
1.3255
1.0811
0.8815
1.0967
1.0548
0.9344
1.0589
0.9258
1.0693
0.8828
1.0628
0.9137
1.0760
0.8182
1.1370
0.9939
0.9622
1.0494
0.9058
1.1312
1.0901
0.9695
0.7495
0.8169
0.8438
1.1054
1.1173
0.9724
0.6774
1.1189
1.4997
0.7806
0.9908
0.9629
0.9445
0.9110
0.9009
0.8131
0.8661
0.7429
1.0902
0.7965
0.8923
0.8496
1.1360
1.0076
0.9241
0.7790
0.5742
0.9828
1.0281
1.0954
1.1607
1.0239
1.0491
0.8569
0.8438
0.9916
0.9567
1.0138
1.1510
0.8591
0.9765
0.8151
0.9648
0.9984
1.0764
0.9328
1.1235
0.8926
0.8863
1.0588
0.9829
0.8827
0.8077
1.1543
0.8998
0.8812
0.8835
1.0655
0.8537
0.8846
0.9181
1.1569
0.8631
1.0657
1.1496
0.9398
1.1020
0.9815
1.2311
0.9447
1.3638
1.0105
1.0426
1.1932
0.9227
1.1169
0.8115
0.9332
0.9688
1.0283
0.9873
1.0572
1.2637
0.9246
0.9639
0.9691
0.9656
1.0139
0.8637
0.8828
1.0651
0.9934
0.9591
0.8342
1.0604
0.8591
0.9591
0.9062
0.9688
0.8992
0.9802
1.1718
1.1091
0.0000
1.3052
0.0000
0.0000
0.0000
0.0000
0.0000
0.0000
0.0000
0.0000
0.0000
1.0971
0.0000
0.0000
0.9134
1.0669
1.0083
1.0599
1.1921
0.8547
0.8508
0.7851
0.8264
0.9620
0.9714
0.9262
0.9463
1.0046
1.0714
0.9053
0.9907
0.7675
1.0321
1.2004
1.0013
0.9566
0.9013
1.0895
1.0912
0.9115
0.9348
