  0     7.416     0.659
  1     8.019     0.236
  2     9.510     0.748
  3     7.705     0.679
  4     9.386     0.610
  5     9.300     0.656
  6     8.716     0.844
  7    10.167     0.628
  8     8.632     0.754
  9     7.506     0.690
 10     6.219     0.546
 11     9.035     0.410
 12     9.250     0.691
 13     7.796     0.657
 14     8.576     0.723
 15     8.097     0.492
 16     8.309     0.670
 17    10.137     0.477
 18     8.903     0.931
 19    10.582     1.098
 20     8.240     0.770
 21    10.759     2.373
 22     8.307     0.119
 23     9.765     1.051
 24     8.574     0.737
 25     8.939     1.127
 26  9999.999     0.000
 27    10.044     0.491
 28     9.112     0.761
 29  9999.999     0.000
 30  9999.999     0.000
 31  9999.999     0.000
 32  9999.999     0.000
 33  9999.999     0.000
 34  9999.999     0.000
 35  9999.999     0.000
 36  9999.999     0.000
 37  9999.999     0.000
 38  9999.999     0.000
 39     8.731     0.650
 40  9999.999     0.000
 41     4.921     0.256
 42    10.126     0.546
 43     8.226     0.708
 44     8.871     1.152
 45     9.252     0.904
 46     7.562     0.695
 47     7.309     0.757
 48     8.042     0.231
 49     7.090     0.442
 50     7.498     0.663
 51     9.431     0.803
 52     8.338     1.099
 53     8.170     0.619
 54     8.385     0.812
 55     7.677     0.671
 56     8.112     0.457
 57     9.429     1.224
 58     7.452     0.715
 59    14.545     1.418
 60     9.008     0.238
 61    10.026     0.235
 62     8.502     0.702
 63     9.580     0.764
 64     8.624     0.709
 65     8.506     0.709
 66     9.011     0.722
 67     9.141     0.554
 68     8.538     0.801
 69     8.500     0.733
 70     9.008     0.238
 71     9.149     0.867
 72     8.390     0.760
 73     8.683     1.056
 74     8.007     0.239
 75     7.139     0.494
 76     9.938     1.209
 77     9.061     0.649
 78     8.868     0.916
 79     7.021     0.403
 80     8.402     0.795
 81     8.247     0.526
 82     9.499     0.744
 83    10.106     0.732
 84     8.648     0.712
 85     8.466     0.705
 86    10.011     1.362
 87     9.532     0.651
 88     8.004     0.240
 89     9.323     0.773
 90     7.694     0.734
 91     8.226     0.765
 92     9.001     0.240
 93     8.003     0.240
 94     8.815     0.790
 95     8.283     0.703
 96     7.865     0.771
 97     8.004     0.239
 98     8.007     0.239
 99     6.544     0.633
100    10.168     0.656
101     8.987     1.085
102     8.399     0.612
103    10.228     0.768
104     8.304     0.650
105     9.412     0.811
106     9.025     0.691
107     8.695     0.695
108    10.015     0.237
109     8.368     0.785
110     7.648     0.650
111     7.721     0.068
112     7.296     0.653
113     8.515     0.697
114     8.738     0.767
115     9.005     0.239
116     8.021     0.236
117     8.503     0.731
118     9.413     0.743
119     9.009     0.238
120     7.767     0.652
121    11.010     2.482
122     8.354     0.578
123     9.295     0.712
124    10.014     0.238
125     9.717     0.974
126     9.121     0.516
127     9.021     0.236
128     9.049     0.478
129    10.004     0.240
130     7.822     0.825
131     8.100     0.642
132     8.300     0.654
133     8.922     0.964
134     8.166     0.902
135     7.643     0.671
136     7.025     0.372
137     9.345     0.764
138     8.527     0.641
139    10.063     1.385
140     7.771     0.657
141     8.345     0.683
142     8.263     0.657
143     8.114     0.539
144     8.011     0.238
145     8.249     0.807
146     7.526     0.727
147    10.900     1.476
148     9.873     1.055
149     9.707     0.842
150    10.004     0.238
151     8.506     0.756
152     7.150     0.561
153     8.617     0.694
154     8.306     0.770
155     8.010     0.239
156     8.544     0.647
157     9.474     0.740
158     7.594     0.608
159     9.144     1.339
160     7.318     0.684
161     8.156     0.465
162     7.780     1.592
163     7.527     0.715
164     9.251     0.621
165     7.599     0.763
166     8.948     0.876
167     7.647     0.672
168     2.387     8.735
169     8.419     0.675
170     9.193     0.866
171     9.009     0.240
172     9.571     0.667
173     8.400     0.586
174     9.517     0.635
175     9.270     0.647
176     7.659     0.744
177     8.267     0.482
178     8.523     0.734
179     8.136     0.897
180     6.938     1.154
181     8.528     0.732
182     8.008     0.239
183     9.170     0.546
184     7.704     0.634
185     8.445     0.769
186     9.048     0.505
187     9.389     0.781
188    10.409     1.144
189    10.962     0.236
190     8.445     0.842
191     8.390     0.989
192     7.692     0.721
193     8.286     0.583
194     9.045     0.719
195     8.010     0.239
196    10.121     0.890
197     8.596     0.757
198     8.354     0.564
199     6.562     0.643
200     7.505     0.666
201     7.167     1.073
202     7.230     0.703
203     8.113     0.221
204     8.032     0.235
205    10.024     1.211
206    14.028     0.234
207     7.848     0.667
208     9.020     0.237
209     7.536     0.645
210     8.199     0.688
211    10.101     0.850
212     9.286     0.835
213     7.962     1.122
214     9.347     1.501
215     7.973     0.905
216     8.159     0.667
217     9.345     0.795
218     7.444     0.653
219     8.021     0.963
220     9.444     0.801
221     7.633     0.673
222     7.583     0.720
223     6.515     0.666
224     7.576     0.763
225     8.021     0.237
226     9.113     0.694
227     9.393     0.814
228     9.033     0.235
229     8.013     0.238
230     7.851     0.886
231     8.271     0.750
232     9.167     0.887
233     5.743     1.528
234     9.480     0.691
235    10.013     0.237
236     7.774     0.755
237     7.672     0.694
238     9.002     0.240
239     8.538     1.239
240     8.627     1.197
241     9.719     1.336
242     8.465     0.596
243     7.535     0.632
244    10.321     0.782
245     9.882     1.094
246    11.007     0.241
247     8.351     0.717
248     8.602     0.672
249     8.704     0.966
250    12.474     1.064
251     8.012     0.238
252     9.413     0.861
253    10.057     0.761
254     8.378     0.066
255     7.712     0.794
256    10.226     1.099
257     9.162     1.031
258     7.850     1.644
259     9.010     0.238
260     8.010     0.961
261     7.478     0.815
262     9.313     1.018
263     9.072     0.226
264    10.468     0.790
265    10.375     0.724
266     7.588     0.756
267     8.018     0.486
268     9.857     1.081
269     7.846     0.617
270     8.604     0.978
271     9.006     2.134
272     8.966     0.950
273     8.630     0.793
274     9.573     1.230
275     9.397     0.756
276    14.812     1.204
277     7.442     0.815
278     9.225     0.667
279     7.363     0.749
280     8.343     0.670
281     9.035     0.233
282     7.031     0.818
283     8.100     0.707
284     8.006     0.237
285     9.193     1.834
286     8.026     0.234
287     7.213     0.777
288     8.571     0.711
289     9.141     0.695
290    17.526     0.911
291     8.753     0.644
292     9.410     0.810
293     7.037     0.235
294     7.332     0.662
295     7.469     1.026
296     9.984     1.109
297     7.719     0.686
298     9.494     0.883
299    10.326     0.616
300     8.431     0.585
301     8.040     0.269
302     7.567     0.630
303     8.463     0.795
304     8.034     0.923
305     7.307     0.672
306     7.401     0.758
307     7.979     0.976
308    10.021     0.238
309     8.222     0.659
310     9.125     1.139
311  9999.999     0.000
312     8.674     0.839
313     8.725     2.797
314     9.077     1.526
315  9999.999     0.000
316  9999.999     0.000
317     9.056     0.805
318  9999.999     0.000
319  9999.999     0.000
320     8.256     1.631
321     8.465     0.809
322     7.722     0.940
323    12.160     0.721
324     9.020     0.237
325     8.507     0.717
326     8.711     0.728
327     7.336     0.703
328     9.260     0.679
329     7.172     0.793
330     8.306     0.733
331     7.680     0.582
332    10.504     0.710
333    11.016     0.237
334     7.356     0.564
335     7.117     0.694
336     8.024     0.587
337     7.636     0.705
338     8.788     0.967
339     8.928     1.112
340     9.012     0.237
341    10.293     0.666
342     8.329     0.758
343     9.899     1.092
344     7.092     0.512
345     8.445     0.865
346     8.645     1.364
347     9.706     0.710
348     9.506     0.801
349     9.832     0.934
350     9.124     0.613
351     9.496     1.164
352     9.685     0.742
353  9999.999     0.000
354  9999.999     0.000
355  9999.999     0.000
356  9999.999     0.000
357  9999.999     0.000
358  9999.999     0.000
359  9999.999     0.000
360  9999.999     0.000
361  9999.999     0.000
362  9999.999     0.000
363  9999.999     0.000
364  9999.999     0.000
365  9999.999     0.000
366  9999.999     0.000
367     9.087     0.990
368     9.524     0.722
369     9.340     0.769
370     8.192     0.700
371     8.355     0.680
372     8.323     0.674
373     8.467     0.713
374     9.276     0.725
375     9.950     0.895
376     9.297     0.711
377     8.203     0.480
378     8.267     0.851
379     9.334     0.815
380     9.192     0.799
381     8.510     0.667
382    11.754     1.043
383     8.187     0.730
384     9.361     0.736
385    10.514     0.796
386     9.019     0.237
387     7.606     0.692
388     9.348     0.703
389     8.232     0.644
390     9.017     0.238
391     9.673     0.754
392     8.038     0.234
393     9.134     0.631
394     9.032     0.234
395    10.023     0.237
396    10.254     2.736
397     8.573     2.644
398    10.017     0.236
399    10.733     1.346
400  9999.999     0.000
401  9999.999     0.000
402  9999.999     0.000
403    10.216     0.718
404     8.523     0.672
405  9999.999     0.000
406    14.004     0.238
407     8.548     0.747
408  9999.999     0.000
409     9.444     0.943
410     8.107     0.699
411     8.650     0.640
412     9.005     0.238
413     9.170     0.568
414     9.992     1.071
415     8.521     0.830
416     9.472     0.741
417     9.790     1.132
418     9.001     0.240
419    10.274     0.831
420     9.032     0.742
421     9.377     0.798
422    11.451     0.825
423     8.767     0.786
424    10.650     0.598
425     9.023     0.236
426     9.153     0.589
427     8.568     0.657
428     8.788     1.039
429     9.140     0.786
430     8.731     0.773
431     8.491     0.775
432     8.204     0.842
433     7.493     0.732
434    10.005     0.561
435     8.501     0.765
436     8.058     0.644
437     8.694     0.722
438    12.397     0.832
439     8.088     0.568
440     9.369     0.702
441     7.376     0.591
442     9.048     0.231
443    11.829     1.072
444     9.439     1.001
445     7.868     0.605
446     8.351     0.693
447     9.234     0.869
448     8.341     0.860
449     8.166     0.541
450     9.302     0.638
451     9.063     0.866
452     8.081     0.369
453    12.766     1.496
454     8.185     0.887
455     8.353     0.771
456     9.527     0.779
457    10.205     0.799
458     8.032     0.234
459     9.003     0.239
460     7.734     0.654
461     7.620     0.694
462     9.134     0.584
463     2.890     0.338
464    10.028     0.234
465     9.029     0.233
466     9.078     0.519
467     8.523     0.718
468     8.704     0.665
469     9.583     0.982
470     8.442     0.716
471     7.879     0.807
472     8.327     0.743
473     9.368     1.052
474     9.531     0.544
475     8.001     0.240
476     8.356     0.679
477     9.461     0.716
478    10.666     1.372
479     8.267     0.709
480    16.841     0.754
481    21.892     1.090
482    14.906     1.373
483    17.167     1.293
484    21.540     0.089
485    17.347     1.358
486    17.203     1.309
487    18.925     0.246
488    18.925     0.246
489    14.792     1.341
490    15.677     1.007
491    19.176     0.246
492    19.176     0.246
493    17.980     1.109
494    17.796     1.060
495    15.708     1.022
496     7.657     0.636
497     9.360     0.971
498     8.104     0.823
499     9.221     0.787
500    10.143     0.637
501    10.385     0.794
502     7.725     0.764
503     7.418     0.770
504     7.121     0.604
505    11.008     0.237
506     6.661     0.762
507     7.672     0.726
508     7.237     0.498
509     8.290     0.791
510    10.005     0.240
511     7.506     0.703
512    13.031     0.234
513     8.016     0.237
514     7.453     0.863
515     7.406     0.610
516     8.072     0.638
517     8.053     0.639
518     4.274     0.185
519    10.442     1.179
520     6.978     0.474
521     7.614     0.689
522    10.016     0.238
523     8.493     0.686
524     8.306     0.583
525     8.259     0.615
526     9.435     1.112
527     8.242     0.858
528    15.185     0.253
529    11.920     1.097
530    15.185     0.253
531    13.599     0.963
532    13.618     0.974
533    15.185     0.253
534    21.938     1.101
535    13.744     1.039
536    15.185     0.253
537    15.185     0.253
538    13.986     1.109
539    17.763     1.047
540    21.921     1.097
541    17.838     1.075
542    18.575     0.366
543    11.680     1.009
544     9.472     0.742
545     8.137     0.821
546     8.690     1.065
547     8.335     0.797
548     8.533     0.740
549  9999.999     0.000
550     8.935     0.526
551     9.320     0.828
552     7.707     0.648
553     7.579     0.648
554    10.194     0.907
555     8.390     0.072
556     7.497     0.678
557     9.105     0.584
558     9.026     0.237
559     7.747     0.989
560     8.265     0.805
561     7.725     0.692
562     8.846     0.960
563     7.062     0.229
564     9.008     0.239
565  9999.999     0.000
566     9.950     1.103
567     8.004     0.785
568    10.059     0.232
569     8.209     0.845
570     8.106     0.723
571     8.969     1.722
572     7.239     0.908
573    11.233     0.613
574     9.308     0.839
575     7.934     0.968
576     6.324     0.702
577     7.334     0.632
578     7.016     0.237
579     9.232     0.914
580    10.018     0.238
581     7.544     0.925
582  9999.999     0.000
583     9.619     0.613
584    13.374     0.861
585     6.636     0.716
586     8.291     0.659
587     7.789     0.621
588     7.877     0.783
589     7.358     0.628
590     7.690     0.674
591     7.009     0.239
592     7.594     0.804
593     6.622     0.675
594     9.568     1.353
595     7.237     0.695
596     8.016     0.237
597  9999.999     0.000
598    10.253     1.925
599    10.199     0.784
600     8.107     0.583
601     6.521     0.626
602     7.748     1.041
603     8.651     0.745
604     8.639     0.714
605     9.490     0.720
606    10.016     0.238
607     9.487     0.744
608     9.577     1.474
609     7.682     0.717
610     7.226     0.561
611     8.440     0.715
612     8.511     0.748
613     9.151     0.589
614     9.828     1.071
615     8.042     0.878
616     9.002     0.240
617     7.024     0.235
618     8.579     0.747
619     8.986     0.911
620     9.484     0.927
621     8.078     0.633
622     9.873     1.085
623     7.408     0.054
624     8.020     0.236
625     9.481     0.152
626     8.194     0.830
627     7.849     1.001
628     7.127     0.661
629     9.969     1.446
630     7.655     0.718
631     9.003     0.240
632     8.044     0.507
633     9.381     0.873
634     7.433     0.685
635     7.609     0.775
636     8.554     0.824
637    10.995     1.820
638     8.003     0.240
639    10.000     0.241
640     9.680     0.102
641     7.812     0.634
642     8.358     0.833
643     8.069     0.785
644    10.164     0.809
645     7.530     1.099
646    12.207     0.550
647     8.242     0.851
648     9.013     0.237
649     9.605     1.071
650     8.089     0.794
651    10.077     0.801
652     7.552     0.689
653     8.149     0.810
654     9.020     0.237
655     8.946     1.093
656     8.796     1.122
657    10.014     0.238
658    11.396     1.985
659     7.950     0.946
660     8.364     0.771
661     9.018     0.235
662     8.474     0.958
663     9.350     0.686
664     8.014     0.238
665     7.700     0.828
666    10.024     0.236
667     9.228     0.859
668     9.014     0.238
669     7.016     0.684
670     9.338     1.433
671     7.506     0.708
672     9.017     0.238
673     8.017     0.767
674     8.427     0.773
675     7.486     0.696
676     8.417     0.764
677  9999.999     0.000
678     9.666     0.939
679  9999.999     0.000
680    11.189     1.040
681  9999.999     0.000
682  9999.999     0.000
683  9999.999     0.000
684  9999.999     0.000
685  9999.999     0.000
686  9999.999     0.000
687  9999.999     0.000
688  9999.999     0.000
689  9999.999     0.000
690     9.395     1.147
691  9999.999     0.000
692  9999.999     0.000
693     8.334     0.782
694     9.241     1.345
695     9.204     1.116
696     9.493     1.520
697    10.238     1.126
698     7.652     0.713
699     8.011     0.238
700     7.073     0.370
701     7.563     0.877
702     8.270     0.963
703     8.846     1.640
704     7.784     0.890
705     8.228     0.642
706     8.963     0.858
707     9.269     0.739
708     7.891     0.723
709     9.025     0.235
710     6.666     0.709
711     9.044     0.689
712    10.623     1.094
713     9.015     0.238
714     8.027     0.234
715     8.020     0.237
716     9.329     0.714
717    10.015     0.238
718     8.022     0.236
719     8.221     0.852

