  0  9999.999     0.000
  1  9999.999     0.000
  2  9999.999     0.000
  3  9999.999     0.000
  4  9999.999     0.000
  5  9999.999     0.000
  6  9999.999     0.000
  7  9999.999     0.000
  8  9999.999     0.000
  9  9999.999     0.000
 10  9999.999     0.000
 11  9999.999     0.000
 12    12.113     1.267
 13    11.671     1.067
 14    11.975     1.189
 15    11.864     0.851
 16     9.943     1.380
 17    11.933     1.159
 18    11.847     1.082
 19    10.728     0.457
 20    12.185     1.301
 21    11.823     1.050
 22     9.925     1.377
 23    11.965     1.182
 24    10.491     0.504
 25     9.842     1.357
 26     9.372     1.108
 27     9.855     1.360
 28     9.668     1.294
 29    12.056     1.238
 30    10.684     0.486
 31    10.675     0.479
 32    10.781     0.456
 33     9.959     1.383
 34    10.824     0.463
 35     9.858     1.361
 36     9.986     1.387
 37     5.758     0.465
 38     6.816     1.037
 39    11.859     0.636
 40     9.810     1.347
 41     9.668     1.293
 42     9.413     0.713
 43    11.870     0.874
 44     9.322     0.826
 45    20.758     0.463
 46     5.800     0.457
 47     5.780     0.463
 48    10.842     0.458
 49     9.542     1.229
 50     9.427     1.155
 51     7.500     1.389
 52    21.950     1.171
 53     7.029     1.222
 54    11.995     1.201
 55    15.724     0.477
 56    23.927     0.247
 57    18.320     0.459
 58     6.920     1.149
 59    23.927     0.247
 60     6.425     0.246
 61    19.328     1.057
 62     6.941     1.165
 63    23.927     0.247
 64     9.305     0.845
 65     7.219     1.315
 66     6.878     1.114
 67     7.134     1.278
 68    21.908     1.140
 69    18.318     0.458
 70     8.292     0.461
 71     6.852     0.845
 72    19.163     1.080
 73  9999.999     0.000
 74  9999.999     0.000
 75  9999.999     0.000
 76  9999.999     0.000
 77  9999.999     0.000
 78  9999.999     0.000
 79  9999.999     0.000
 80  9999.999     0.000
 81  9999.999     0.000
 82  9999.999     0.000
 83  9999.999     0.000
 84  9999.999     0.000
 85    12.054     1.236
 86    12.213     1.313
 87    14.437     1.162
 88    11.866     1.103
 89    12.183     1.300
 90    11.988     1.197
 91    11.849     1.085
 92     9.713     1.312
 93    11.917     1.147
 94    12.433     1.378
 95     9.591     1.256
 96    12.423     1.376
 97    11.860     0.839
 98     9.932     1.378
 99    11.828     1.057
100     9.599     1.261
101    11.871     0.880
102    10.697     0.477
103    10.813     0.463
104     7.040     1.228
105     9.403     1.135
106     9.472     1.187
107     9.606     1.264
108     9.431     1.157
109     7.214     1.313
110     7.280     1.337
111     9.511     1.211
112     9.365     1.101
113     7.500     1.389
114     7.131     1.276
115    10.823     0.461
116     9.977     1.386
117     6.960     1.178
118    14.170     1.060
119     8.253     0.464
120     9.793     1.342
121     7.034     1.225
122     2.500     1.250
123  9999.999     0.000
124    23.927     0.247
125    21.920     1.149
126    18.193     0.471
127     7.120     1.271
128    19.611     1.266
129    21.832     0.753
130    18.247     0.471
131  9999.999     0.000
132    16.787     0.816
133    19.330     0.844
134     5.794     0.462
135    21.431     0.250
136    10.666     0.478
137    14.336     0.723
138     9.495     1.201
139     8.339     0.463
140    12.044     1.230
141     8.445     0.449
142    23.927     0.247
143    23.927     0.247
144     7.053     1.236
145     7.500     1.389
146  9999.999     0.000
147  9999.999     0.000
148  9999.999     0.000
149  9999.999     0.000
150  9999.999     0.000
151  9999.999     0.000
152  9999.999     0.000
153  9999.999     0.000
154  9999.999     0.000
155  9999.999     0.000
156  9999.999     0.000
157  9999.999     0.000
158    12.171     1.295
159    12.118     1.270
160    12.275     1.336
161    11.832     0.830
162    11.964     1.181
163    12.189     1.303
164    11.978     1.190
165    11.883     0.667
166    11.804     1.018
167    11.871     0.889
168    11.650     1.061
169     9.795     1.343
170     9.909     1.373
171    11.851     1.087
172     9.336     1.069
173     9.606     1.264
174     9.947     1.381
175    10.701     0.466
176    20.822     0.464
177     9.317     1.038
178    11.852     1.088
179     9.782     1.338
180     7.477     1.386
181    11.837     1.070
182     9.424     1.152
183    10.677     0.465
184     7.156     1.288
185     7.368     1.364
186     9.413     1.144
187    10.675     0.479
188    13.346     0.463
189     9.889     1.369
190     6.761     1.032
191    14.178     1.071
192    23.927     0.247
193     6.814     0.840
194    22.032     1.224
195    20.828     0.464
196     7.052     1.235
197     6.909     1.141
198    11.062     0.434
199     6.798     0.848
200    16.808     1.021
201    21.962     1.180
202     6.875     0.886
203    23.927     0.247
204    10.753     0.469
205    17.303     1.345
206    23.927     0.247
207    19.677     1.297
208     5.642     0.480
209    23.927     0.247
210     5.770     0.456
211    16.778     0.798
212    19.836     1.355
213    14.290     1.005
214    20.758     0.466
215    23.927     0.247
216    20.797     0.458
217    21.869     0.900
218    15.720     0.434
219  9999.999     0.000
220  9999.999     0.000
221  9999.999     0.000
222  9999.999     0.000
223  9999.999     0.000
224  9999.999     0.000
225  9999.999     0.000
226  9999.999     0.000
227  9999.999     0.000
228  9999.999     0.000
229  9999.999     0.000
230  9999.999     0.000
231    13.238     0.462
232    12.145     1.283
233    12.132     1.277
234    11.879     1.115
235    14.317     1.038
236    13.229     0.465
237    13.264     0.460
238    12.050     1.234
239    10.801     0.451
240     9.812     1.348
241     9.830     1.353
242    11.887     1.122
243    10.672     0.477
244    10.696     0.464
245    10.799     0.453
246     9.730     1.319
247     9.489     1.198
248    10.698     0.464
249     9.451     1.172
250    11.961     1.179
251    11.973     1.187
252    13.375     0.457
253    12.225     1.317
254    10.767     0.459
255     6.910     1.142
256    20.804     0.471
257     7.336     1.355
258    10.714     0.469
259     7.227     1.318
260    10.795     0.459
261     7.373     1.365
262     7.031     1.223
263    10.737     0.470
264    18.287     0.470
265     9.549     1.233
266    10.687     0.466
267    12.500     1.389
268    11.855     0.831
269    11.835     0.724
270    10.851     0.462
271     9.329     0.722
272     7.016     1.214
273     5.713     0.472
274    21.864     0.851
275    16.848     1.084
276    10.000     1.389
277     9.660     1.290
278     7.377     1.366
279     9.399     0.871
280     7.145     1.283
281    23.927     0.247
282     6.920     1.149
283    22.235     1.321
284     6.068     0.434
285     5.794     0.470
286    14.314     1.032
287    13.921     0.242
288     6.821     0.831
289     7.014     1.213
290     6.135     0.422
291     8.178     0.472
292  9999.999     0.000
293  9999.999     0.000
294  9999.999     0.000
295  9999.999     0.000
296  9999.999     0.000
297  9999.999     0.000
298  9999.999     0.000
299  9999.999     0.000
300  9999.999     0.000
301  9999.999     0.000
302  9999.999     0.000
303  9999.999     0.000
304    12.125     1.273
305    12.940     0.493
306    12.379     1.366
307     5.417     1.250
308    19.315     1.035
309    12.088     1.254
310    11.982     1.193
311     9.841     1.356
312    11.765     0.797
313    12.406     1.373
314     9.929     1.378
315    12.257     1.329
316     7.385     1.368
317     9.825     1.352
318    11.938     1.163
319     9.910     1.374
320    11.563     0.203
321    11.853     1.089
322     9.365     0.866
323     9.561     1.240
324     9.425     1.154
325    11.787     0.795
326     9.711     1.312
327    11.827     0.831
328    10.796     0.460
329     7.003     1.207
330    10.552     0.494
331     7.179     1.298
332     9.378     1.114
333     6.975     1.188
334    12.290     1.341
335     7.340     1.356
336     7.236     1.322
337     9.916     1.375
338     9.325     1.054
339     6.878     0.894
340     9.535     1.226
341     9.551     1.235
342    10.800     0.455
343     8.272     0.458
344     9.344     1.078
345     6.873     0.905
346     6.997     1.203
347     7.500     1.389
348     6.855     0.849
349     6.811     1.026
350     9.358     0.855
351     6.913     1.144
352     8.257     0.468
353     9.318     0.798
354     7.388     1.369
355    10.730     0.470
356    20.766     0.458
357     9.395     1.129
358     8.283     0.443
359     8.196     0.465
360    22.111     1.266
361     8.930     0.250
362     7.115     1.269
363    15.800     0.457
364    12.141     1.281
365  9999.999     0.000
366  9999.999     0.000
367  9999.999     0.000
368  9999.999     0.000
369  9999.999     0.000
370  9999.999     0.000
371  9999.999     0.000
372  9999.999     0.000
373  9999.999     0.000
374  9999.999     0.000
375  9999.999     0.000
376  9999.999     0.000
377    12.431     1.378
378    12.255     1.329
379    12.231     1.320
380    11.656     1.056
381    13.191     0.452
382    11.889     1.124
383    12.045     1.231
384     9.893     1.370
385     9.919     1.376
386    12.072     1.246
387    11.912     1.143
388     9.652     1.286
389    12.320     1.350
390     9.687     1.302
391    11.867     0.859
392    11.833     1.065
393    12.158     1.289
394    10.777     0.456
395     9.930     1.378
396    11.916     1.146
397    10.767     0.463
398    10.782     0.455
399     9.708     1.311
400    10.703     0.455
401     9.651     1.286
402     6.947     1.169
403    11.972     1.186
404     9.503     1.206
405     9.599     1.260
406     9.865     1.363
407     9.413     1.144
408     7.456     1.383
409     9.946     1.381
410     9.499     1.204
411     6.795     1.017
412     7.138     1.279
413    23.927     0.247
414    23.927     0.247
415    10.725     0.466
416     6.986     1.196
417    22.500     1.389
418     7.424     1.377
419     5.715     0.476
420     5.804     0.471
421    20.775     0.460
422    19.397     1.131
423    20.775     0.463
424    20.814     0.461
425     8.221     0.469
426     5.793     0.466
427    22.293     1.342
428    18.659     0.423
429     8.260     0.463
430    23.927     0.247
431     7.005     1.208
432     9.173     1.074
433    11.866     0.856
434     9.431     1.158
435    16.962     1.180
436    11.831     1.062
437    14.885     1.368
