0       9999.999999
1       9999.999999
2       9999.999999
3       9999.999999
4       9999.999999
5       9999.999999
6       9999.999999
7       9999.999999
8       9999.999999
9       9999.999999
10      9999.999999
11      9999.999999
12        25.000000
13        25.000000
14        25.000000
15        25.000000
16        25.000000
17        25.000000
18        25.000000
19        25.000000
20        25.000000
21        25.000000
22        25.000000
23        25.000000
24        25.000000
25        25.000000
26        25.000000
27        25.000000
28        25.000000
29        25.000000
30        25.000000
31        25.000000
32        25.000000
33        25.000000
34        25.000000
35        25.000000
36        25.000000
37        25.000000
38        25.000000
39        25.000000
40        25.000000
41        25.000000
42        25.000000
43        25.000000
44        25.000000
45        25.000000
46        25.000000
47        25.000000
48        25.000000
49        25.000000
50        25.000000
51        25.000000
52        25.000000
53        25.000000
54        25.000000
55        25.000000
56        25.000000
57        25.000000
58        25.000000
59        25.000000
60        25.000000
61        25.000000
62        25.000000
63        25.000000
64        25.000000
65        25.000000
66        25.000000
67        25.000000
68        25.000000
69        25.000000
70        25.000000
71        25.000000
72        25.000000
73      9999.999999
74      9999.999999
75      9999.999999
76      9999.999999
77      9999.999999
78      9999.999999
79      9999.999999
80      9999.999999
81      9999.999999
82      9999.999999
83      9999.999999
84      9999.999999
85        25.000000
86        25.000000
87        25.000000
88        25.000000
89        25.000000
90        25.000000
91        25.000000
92        25.000000
93        25.000000
94        25.000000
95        25.000000
96        25.000000
97        25.000000
98        25.000000
99        25.000000
100       25.000000
101       25.000000
102       25.000000
103       25.000000
104       25.000000
105       25.000000
106       25.000000
107       25.000000
108       25.000000
109       25.000000
110       25.000000
111       25.000000
112       25.000000
113       25.000000
114       25.000000
115       25.000000
116       25.000000
117       25.000000
118       25.000000
119       25.000000
120       25.000000
121       25.000000
122       25.000000
123       25.000000
124       25.000000
125       25.000000
126       25.000000
127       25.000000
128       25.000000
129       25.000000
130       25.000000
131       25.000000
132       25.000000
133       25.000000
134       25.000000
135       25.000000
136       25.000000
137       25.000000
138       25.000000
139       25.000000
140       25.000000
141       25.000000
142       25.000000
143       25.000000
144       25.000000
145       25.000000
146     9999.999999
147     9999.999999
148     9999.999999
149     9999.999999
150     9999.999999
151     9999.999999
152     9999.999999
153     9999.999999
154     9999.999999
155     9999.999999
156     9999.999999
157     9999.999999
158       25.000000
159       25.000000
160       25.000000
161       25.000000
162       25.000000
163       25.000000
164       25.000000
165       25.000000
166       25.000000
167       25.000000
168       25.000000
169       25.000000
170       25.000000
171       25.000000
172       25.000000
173       25.000000
174       25.000000
175       25.000000
176       25.000000
177       25.000000
178       25.000000
179       25.000000
180       25.000000
181       25.000000
182       25.000000
183       25.000000
184       25.000000
185       25.000000
186       25.000000
187       25.000000
188       25.000000
189       25.000000
190       25.000000
191       25.000000
192       25.000000
193       25.000000
194       25.000000
195       25.000000
196       25.000000
197       25.000000
198       25.000000
199       25.000000
200       25.000000
201       25.000000
202       25.000000
203       25.000000
204       25.000000
205       25.000000
206       25.000000
207       25.000000
208       25.000000
209       25.000000
210       25.000000
211       25.000000
212       25.000000
213       25.000000
214       25.000000
215       25.000000
216       25.000000
217       25.000000
218       25.000000
219     9999.999999
220     9999.999999
221     9999.999999
222     9999.999999
223     9999.999999
224     9999.999999
225     9999.999999
226     9999.999999
227     9999.999999
228     9999.999999
229     9999.999999
230     9999.999999
231       25.000000
232       25.000000
233       25.000000
234       25.000000
235       25.000000
236       25.000000
237       25.000000
238       25.000000
239       25.000000
240       25.000000
241       25.000000
242       25.000000
243       25.000000
244       25.000000
245       25.000000
246       25.000000
247       25.000000
248       25.000000
249       25.000000
250       25.000000
251       25.000000
252       25.000000
253       25.000000
254       25.000000
255       25.000000
256       25.000000
257       25.000000
258       25.000000
259       25.000000
260       25.000000
261       25.000000
262       25.000000
263       25.000000
264       25.000000
265       25.000000
266       25.000000
267       25.000000
268       25.000000
269       25.000000
270       25.000000
271       25.000000
272       25.000000
273       25.000000
274       25.000000
275       25.000000
276       25.000000
277       25.000000
278       25.000000
279       25.000000
280       25.000000
281       25.000000
282       25.000000
283       25.000000
284       25.000000
285       25.000000
286       25.000000
287       25.000000
288       25.000000
289       25.000000
290       25.000000
291       25.000000
292     9999.999999
293     9999.999999
294     9999.999999
295     9999.999999
296     9999.999999
297     9999.999999
298     9999.999999
299     9999.999999
300     9999.999999
301     9999.999999
302     9999.999999
303     9999.999999
304       25.000000
305       25.000000
306       25.000000
307       25.000000
308       25.000000
309       25.000000
310       25.000000
311       25.000000
312       25.000000
313       25.000000
314       25.000000
315       25.000000
316       25.000000
317       25.000000
318       25.000000
319       25.000000
320       25.000000
321       25.000000
322       25.000000
323       25.000000
324       25.000000
325       25.000000
326       25.000000
327       25.000000
328       25.000000
329       25.000000
330       25.000000
331       25.000000
332       25.000000
333       25.000000
334       25.000000
335       25.000000
336       25.000000
337       25.000000
338       25.000000
339       25.000000
340       25.000000
341       25.000000
342       25.000000
343       25.000000
344       25.000000
345       25.000000
346       25.000000
347       25.000000
348       25.000000
349       25.000000
350       25.000000
351       25.000000
352       25.000000
353       25.000000
354       25.000000
355       25.000000
356       25.000000
357       25.000000
358       25.000000
359       25.000000
360       25.000000
361       25.000000
362       25.000000
363       25.000000
364       25.000000
365     9999.999999
366     9999.999999
367     9999.999999
368     9999.999999
369     9999.999999
370     9999.999999
371     9999.999999
372     9999.999999
373     9999.999999
374     9999.999999
375     9999.999999
376     9999.999999
377       25.000000
378       25.000000
379       25.000000
380       25.000000
381       25.000000
382       25.000000
383       25.000000
384       25.000000
385       25.000000
386       25.000000
387       25.000000
388       25.000000
389       25.000000
390       25.000000
391       25.000000
392       25.000000
393       25.000000
394       25.000000
395       25.000000
396       25.000000
397       25.000000
398       25.000000
399       25.000000
400       25.000000
401       25.000000
402       25.000000
403       25.000000
404       25.000000
405       25.000000
406       25.000000
407       25.000000
408       25.000000
409       25.000000
410       25.000000
411       25.000000
412       25.000000
413       25.000000
414       25.000000
415       25.000000
416       25.000000
417       25.000000
418       25.000000
419       25.000000
420       25.000000
421       25.000000
422       25.000000
423       25.000000
424       25.000000
425       25.000000
426       25.000000
427       25.000000
428       25.000000
429       25.000000
430       25.000000
431       25.000000
432       25.000000
433       25.000000
434       25.000000
435       25.000000
436       25.000000
437       25.000000
438     9999.999999
439     9999.999999
440     9999.999999
441     9999.999999
442     9999.999999
443     9999.999999
444     9999.999999
445     9999.999999
446     9999.999999
447     9999.999999
448     9999.999999
449     9999.999999
450     9999.999999
451     9999.999999
452     9999.999999
453     9999.999999
454     9999.999999
455     9999.999999
456     9999.999999
457     9999.999999
458     9999.999999
459     9999.999999
460     9999.999999
461     9999.999999
462     9999.999999
463     9999.999999
464     9999.999999
465     9999.999999
466     9999.999999
467     9999.999999
468     9999.999999
469     9999.999999
470     9999.999999
471     9999.999999
472     9999.999999
473     9999.999999
474     9999.999999
475     9999.999999
476     9999.999999
477     9999.999999
478     9999.999999
479     9999.999999
480     9999.999999
481     9999.999999
482     9999.999999
483     9999.999999
484     9999.999999
485     9999.999999
486     9999.999999
487     9999.999999
488     9999.999999
489     9999.999999
490     9999.999999
491     9999.999999
492     9999.999999
493     9999.999999
494     9999.999999
495     9999.999999
496     9999.999999
497     9999.999999
498     9999.999999
499     9999.999999
500     9999.999999
501     9999.999999
502     9999.999999
503     9999.999999
504     9999.999999
505     9999.999999
506     9999.999999
507     9999.999999
508     9999.999999
509     9999.999999
