##	Trigger Latch Pattern unit Decoder
##	JRM Annand	 22nd Jun 2004
##
##	Pattern unit data is handled by ACQU as a 16 bit "adc".
##	Pattern spectra > 16 channels can be handled by having more
##	than 1 pattern "ADC"
##	For any bits that have no meaning (or don't exit) enter -1
##
Number-Patterns: 5
##
##	     Name	#ADCs		#Channels
PatternSize: Trigger	2		32
## 	    ADC	The 16 bits (lsb->msb) correspond to these 16 hit channels
PatternADC: 0	000 001 002 003 004 005 006 007  -1  -1  -1  -1  -1  -1  -1  -1
PatternADC: 1	008 009 010 011 012 013 014 015  -1  -1  -1  -1  -1  -1  -1  -1
##
##
PatternSize: TaggHelicity	2	32
PatternADC: 5	000 001 002 003 004 005 006 007  -1  -1  -1  -1  -1  -1  -1  -1
PatternADC: 6	008 009 010 011 012 013 014 015  -1  -1  -1  -1  -1  -1  -1  -1
##
## TAPS: CFD pattern 
##	     Name	        #ADCs	#Channels
PatternSize: TAPS_CFD_Pattern     192     3072
# Block A
PatternADC: 20503  000  -1  -1  -1  001  -1  -1  -1  -1  -1  -1  -1  -1  -1  -1  -1
PatternADC: 20504  002  -1  -1  -1  003  -1  -1  -1  -1  -1  -1  -1  -1  -1  -1  -1
PatternADC: 20507  004  -1  -1  -1  005  -1  -1  -1  -1  -1  -1  -1  -1  -1  -1  -1
PatternADC: 20508  006  -1  -1  -1  007  -1  -1  -1  -1  -1  -1  -1  -1  -1  -1  -1
PatternADC: 20511  008  -1  -1  -1  009  -1  -1  -1  -1  -1  -1  -1  -1  -1  -1  -1
PatternADC: 20512  010  -1  -1  -1  011  -1  -1  -1  -1  -1  -1  -1  -1  -1  -1  -1
PatternADC: 20515  012  -1  -1  -1  013  -1  -1  -1  -1  -1  -1  -1  -1  -1  -1  -1
PatternADC: 20516  014  -1  -1  -1  015  -1  -1  -1  -1  -1  -1  -1  -1  -1  -1  -1
PatternADC: 20519  016  -1  -1  -1  017  -1  -1  -1  -1  -1  -1  -1  -1  -1  -1  -1
PatternADC: 20520  018  -1  -1  -1  019  -1  -1  -1  -1  -1  -1  -1  -1  -1  -1  -1
PatternADC: 20523  020  -1  -1  -1  021  -1  -1  -1  -1  -1  -1  -1  -1  -1  -1  -1
PatternADC: 20524  022  -1  -1  -1  023  -1  -1  -1  -1  -1  -1  -1  -1  -1  -1  -1
PatternADC: 20527  024  -1  -1  -1  025  -1  -1  -1  -1  -1  -1  -1  -1  -1  -1  -1
PatternADC: 20528  026  -1  -1  -1  027  -1  -1  -1  -1  -1  -1  -1  -1  -1  -1  -1
PatternADC: 20531  028  -1  -1  -1  029  -1  -1  -1  -1  -1  -1  -1  -1  -1  -1  -1
PatternADC: 20532  030  -1  -1  -1  031  -1  -1  -1  -1  -1  -1  -1  -1  -1  -1  -1
PatternADC: 20535  032  -1  -1  -1  033  -1  -1  -1  -1  -1  -1  -1  -1  -1  -1  -1
PatternADC: 20536  034  -1  -1  -1  035  -1  -1  -1  -1  -1  -1  -1  -1  -1  -1  -1
PatternADC: 20539  036  -1  -1  -1  037  -1  -1  -1  -1  -1  -1  -1  -1  -1  -1  -1
PatternADC: 20540  038  -1  -1  -1  039  -1  -1  -1  -1  -1  -1  -1  -1  -1  -1  -1
PatternADC: 20543  040  -1  -1  -1  041  -1  -1  -1  -1  -1  -1  -1  -1  -1  -1  -1
PatternADC: 20544  042  -1  -1  -1  043  -1  -1  -1  -1  -1  -1  -1  -1  -1  -1  -1
PatternADC: 20547  044  -1  -1  -1  045  -1  -1  -1  -1  -1  -1  -1  -1  -1  -1  -1
PatternADC: 20548  046  -1  -1  -1  047  -1  -1  -1  -1  -1  -1  -1  -1  -1  -1  -1
PatternADC: 20551  048  -1  -1  -1  049  -1  -1  -1  -1  -1  -1  -1  -1  -1  -1  -1
PatternADC: 20552  050  -1  -1  -1  051  -1  -1  -1  -1  -1  -1  -1  -1  -1  -1  -1
PatternADC: 20555  052  -1  -1  -1  053  -1  -1  -1  -1  -1  -1  -1  -1  -1  -1  -1
PatternADC: 20556  054  -1  -1  -1  055  -1  -1  -1  -1  -1  -1  -1  -1  -1  -1  -1
PatternADC: 20559  056  -1  -1  -1  057  -1  -1  -1  -1  -1  -1  -1  -1  -1  -1  -1
PatternADC: 20560  058  -1  -1  -1  059  -1  -1  -1  -1  -1  -1  -1  -1  -1  -1  -1
PatternADC: 20563  060  -1  -1  -1  061  -1  -1  -1  -1  -1  -1  -1  -1  -1  -1  -1
PatternADC: 20564  062  -1  -1  -1  063  -1  -1  -1  -1  -1  -1  -1  -1  -1  -1  -1
## Block B
PatternADC: 21503  064  -1  -1  -1  065  -1  -1  -1  -1  -1  -1  -1  -1  -1  -1  -1
PatternADC: 21504  066  -1  -1  -1  067  -1  -1  -1  -1  -1  -1  -1  -1  -1  -1  -1
PatternADC: 21507  068  -1  -1  -1  069  -1  -1  -1  -1  -1  -1  -1  -1  -1  -1  -1
PatternADC: 21508  070  -1  -1  -1  071  -1  -1  -1  -1  -1  -1  -1  -1  -1  -1  -1
PatternADC: 21511  072  -1  -1  -1  073  -1  -1  -1  -1  -1  -1  -1  -1  -1  -1  -1
PatternADC: 21512  074  -1  -1  -1  075  -1  -1  -1  -1  -1  -1  -1  -1  -1  -1  -1
PatternADC: 21515  076  -1  -1  -1  077  -1  -1  -1  -1  -1  -1  -1  -1  -1  -1  -1
PatternADC: 21516  078  -1  -1  -1  079  -1  -1  -1  -1  -1  -1  -1  -1  -1  -1  -1
PatternADC: 21519  080  -1  -1  -1  081  -1  -1  -1  -1  -1  -1  -1  -1  -1  -1  -1
PatternADC: 21520  082  -1  -1  -1  083  -1  -1  -1  -1  -1  -1  -1  -1  -1  -1  -1
PatternADC: 21523  084  -1  -1  -1  085  -1  -1  -1  -1  -1  -1  -1  -1  -1  -1  -1
PatternADC: 21524  086  -1  -1  -1  087  -1  -1  -1  -1  -1  -1  -1  -1  -1  -1  -1
PatternADC: 21527  088  -1  -1  -1  089  -1  -1  -1  -1  -1  -1  -1  -1  -1  -1  -1
PatternADC: 21528  090  -1  -1  -1  091  -1  -1  -1  -1  -1  -1  -1  -1  -1  -1  -1
PatternADC: 21531  092  -1  -1  -1  093  -1  -1  -1  -1  -1  -1  -1  -1  -1  -1  -1
PatternADC: 21532  094  -1  -1  -1  095  -1  -1  -1  -1  -1  -1  -1  -1  -1  -1  -1
PatternADC: 21535  096  -1  -1  -1  097  -1  -1  -1  -1  -1  -1  -1  -1  -1  -1  -1
PatternADC: 21536  098  -1  -1  -1  099  -1  -1  -1  -1  -1  -1  -1  -1  -1  -1  -1
PatternADC: 21539  100  -1  -1  -1  101  -1  -1  -1  -1  -1  -1  -1  -1  -1  -1  -1
PatternADC: 21540  102  -1  -1  -1  103  -1  -1  -1  -1  -1  -1  -1  -1  -1  -1  -1
PatternADC: 21543  104  -1  -1  -1  105  -1  -1  -1  -1  -1  -1  -1  -1  -1  -1  -1
PatternADC: 21544  106  -1  -1  -1  107  -1  -1  -1  -1  -1  -1  -1  -1  -1  -1  -1
PatternADC: 21547  108  -1  -1  -1  109  -1  -1  -1  -1  -1  -1  -1  -1  -1  -1  -1
PatternADC: 21548  110  -1  -1  -1  111  -1  -1  -1  -1  -1  -1  -1  -1  -1  -1  -1
PatternADC: 21551  112  -1  -1  -1  113  -1  -1  -1  -1  -1  -1  -1  -1  -1  -1  -1
PatternADC: 21552  114  -1  -1  -1  115  -1  -1  -1  -1  -1  -1  -1  -1  -1  -1  -1
PatternADC: 21555  116  -1  -1  -1  117  -1  -1  -1  -1  -1  -1  -1  -1  -1  -1  -1
PatternADC: 21556  118  -1  -1  -1  119  -1  -1  -1  -1  -1  -1  -1  -1  -1  -1  -1
PatternADC: 21559  120  -1  -1  -1  121  -1  -1  -1  -1  -1  -1  -1  -1  -1  -1  -1
PatternADC: 21560  122  -1  -1  -1  123  -1  -1  -1  -1  -1  -1  -1  -1  -1  -1  -1
PatternADC: 21563  124  -1  -1  -1  125  -1  -1  -1  -1  -1  -1  -1  -1  -1  -1  -1
PatternADC: 21564  126  -1  -1  -1  127  -1  -1  -1  -1  -1  -1  -1  -1  -1  -1  -1
## Block C
PatternADC: 22503  128  -1  -1  -1  129  -1  -1  -1  -1  -1  -1  -1  -1  -1  -1  -1
PatternADC: 22504  130  -1  -1  -1  131  -1  -1  -1  -1  -1  -1  -1  -1  -1  -1  -1
PatternADC: 22507  132  -1  -1  -1  133  -1  -1  -1  -1  -1  -1  -1  -1  -1  -1  -1
PatternADC: 22508  134  -1  -1  -1  135  -1  -1  -1  -1  -1  -1  -1  -1  -1  -1  -1
PatternADC: 22511  136  -1  -1  -1  137  -1  -1  -1  -1  -1  -1  -1  -1  -1  -1  -1
PatternADC: 22512  138  -1  -1  -1  139  -1  -1  -1  -1  -1  -1  -1  -1  -1  -1  -1
PatternADC: 22515  140  -1  -1  -1  141  -1  -1  -1  -1  -1  -1  -1  -1  -1  -1  -1
PatternADC: 22516  142  -1  -1  -1  143  -1  -1  -1  -1  -1  -1  -1  -1  -1  -1  -1
PatternADC: 22519  144  -1  -1  -1  145  -1  -1  -1  -1  -1  -1  -1  -1  -1  -1  -1
PatternADC: 22520  146  -1  -1  -1  147  -1  -1  -1  -1  -1  -1  -1  -1  -1  -1  -1
PatternADC: 22523  148  -1  -1  -1  149  -1  -1  -1  -1  -1  -1  -1  -1  -1  -1  -1
PatternADC: 22524  150  -1  -1  -1  151  -1  -1  -1  -1  -1  -1  -1  -1  -1  -1  -1
PatternADC: 22527  152  -1  -1  -1  153  -1  -1  -1  -1  -1  -1  -1  -1  -1  -1  -1
PatternADC: 22528  154  -1  -1  -1  155  -1  -1  -1  -1  -1  -1  -1  -1  -1  -1  -1
PatternADC: 22531  156  -1  -1  -1  157  -1  -1  -1  -1  -1  -1  -1  -1  -1  -1  -1
PatternADC: 22532  158  -1  -1  -1  159  -1  -1  -1  -1  -1  -1  -1  -1  -1  -1  -1
PatternADC: 22535  160  -1  -1  -1  161  -1  -1  -1  -1  -1  -1  -1  -1  -1  -1  -1
PatternADC: 22536  162  -1  -1  -1  163  -1  -1  -1  -1  -1  -1  -1  -1  -1  -1  -1
PatternADC: 22539  164  -1  -1  -1  165  -1  -1  -1  -1  -1  -1  -1  -1  -1  -1  -1
PatternADC: 22540  166  -1  -1  -1  167  -1  -1  -1  -1  -1  -1  -1  -1  -1  -1  -1
PatternADC: 22543  168  -1  -1  -1  169  -1  -1  -1  -1  -1  -1  -1  -1  -1  -1  -1
PatternADC: 22544  170  -1  -1  -1  171  -1  -1  -1  -1  -1  -1  -1  -1  -1  -1  -1
PatternADC: 22547  172  -1  -1  -1  173  -1  -1  -1  -1  -1  -1  -1  -1  -1  -1  -1
PatternADC: 22548  174  -1  -1  -1  175  -1  -1  -1  -1  -1  -1  -1  -1  -1  -1  -1
PatternADC: 22551  176  -1  -1  -1  177  -1  -1  -1  -1  -1  -1  -1  -1  -1  -1  -1
PatternADC: 22552  178  -1  -1  -1  179  -1  -1  -1  -1  -1  -1  -1  -1  -1  -1  -1
PatternADC: 22555  180  -1  -1  -1  181  -1  -1  -1  -1  -1  -1  -1  -1  -1  -1  -1
PatternADC: 22556  182  -1  -1  -1  183  -1  -1  -1  -1  -1  -1  -1  -1  -1  -1  -1
PatternADC: 22559  184  -1  -1  -1  185  -1  -1  -1  -1  -1  -1  -1  -1  -1  -1  -1
PatternADC: 22560  186  -1  -1  -1  187  -1  -1  -1  -1  -1  -1  -1  -1  -1  -1  -1
PatternADC: 22563  188  -1  -1  -1  189  -1  -1  -1  -1  -1  -1  -1  -1  -1  -1  -1
PatternADC: 22564  190  -1  -1  -1  191  -1  -1  -1  -1  -1  -1  -1  -1  -1  -1  -1
## Block D
PatternADC: 23503  192  -1  -1  -1  193  -1  -1  -1  -1  -1  -1  -1  -1  -1  -1  -1
PatternADC: 23504  194  -1  -1  -1  195  -1  -1  -1  -1  -1  -1  -1  -1  -1  -1  -1
PatternADC: 23507  196  -1  -1  -1  197  -1  -1  -1  -1  -1  -1  -1  -1  -1  -1  -1
PatternADC: 23508  198  -1  -1  -1  199  -1  -1  -1  -1  -1  -1  -1  -1  -1  -1  -1
PatternADC: 23511  200  -1  -1  -1  201  -1  -1  -1  -1  -1  -1  -1  -1  -1  -1  -1
PatternADC: 23512  202  -1  -1  -1  203  -1  -1  -1  -1  -1  -1  -1  -1  -1  -1  -1
PatternADC: 23515  204  -1  -1  -1  205  -1  -1  -1  -1  -1  -1  -1  -1  -1  -1  -1
PatternADC: 23516  206  -1  -1  -1  207  -1  -1  -1  -1  -1  -1  -1  -1  -1  -1  -1
PatternADC: 23519  208  -1  -1  -1  209  -1  -1  -1  -1  -1  -1  -1  -1  -1  -1  -1
PatternADC: 23520  210  -1  -1  -1  211  -1  -1  -1  -1  -1  -1  -1  -1  -1  -1  -1
PatternADC: 23523  212  -1  -1  -1  213  -1  -1  -1  -1  -1  -1  -1  -1  -1  -1  -1
PatternADC: 23524  214  -1  -1  -1  215  -1  -1  -1  -1  -1  -1  -1  -1  -1  -1  -1
PatternADC: 23527  216  -1  -1  -1  217  -1  -1  -1  -1  -1  -1  -1  -1  -1  -1  -1
PatternADC: 23528  218  -1  -1  -1  219  -1  -1  -1  -1  -1  -1  -1  -1  -1  -1  -1
PatternADC: 23531  220  -1  -1  -1  221  -1  -1  -1  -1  -1  -1  -1  -1  -1  -1  -1
PatternADC: 23532  222  -1  -1  -1  223  -1  -1  -1  -1  -1  -1  -1  -1  -1  -1  -1
PatternADC: 23535  224  -1  -1  -1  225  -1  -1  -1  -1  -1  -1  -1  -1  -1  -1  -1
PatternADC: 23536  226  -1  -1  -1  227  -1  -1  -1  -1  -1  -1  -1  -1  -1  -1  -1
PatternADC: 23539  228  -1  -1  -1  229  -1  -1  -1  -1  -1  -1  -1  -1  -1  -1  -1
PatternADC: 23540  230  -1  -1  -1  231  -1  -1  -1  -1  -1  -1  -1  -1  -1  -1  -1
PatternADC: 23543  232  -1  -1  -1  233  -1  -1  -1  -1  -1  -1  -1  -1  -1  -1  -1
PatternADC: 23544  234  -1  -1  -1  235  -1  -1  -1  -1  -1  -1  -1  -1  -1  -1  -1
PatternADC: 23547  236  -1  -1  -1  237  -1  -1  -1  -1  -1  -1  -1  -1  -1  -1  -1
PatternADC: 23548  238  -1  -1  -1  239  -1  -1  -1  -1  -1  -1  -1  -1  -1  -1  -1
PatternADC: 23551  240  -1  -1  -1  241  -1  -1  -1  -1  -1  -1  -1  -1  -1  -1  -1
PatternADC: 23552  242  -1  -1  -1  243  -1  -1  -1  -1  -1  -1  -1  -1  -1  -1  -1
PatternADC: 23555  244  -1  -1  -1  245  -1  -1  -1  -1  -1  -1  -1  -1  -1  -1  -1
PatternADC: 23556  246  -1  -1  -1  247  -1  -1  -1  -1  -1  -1  -1  -1  -1  -1  -1
PatternADC: 23559  248  -1  -1  -1  249  -1  -1  -1  -1  -1  -1  -1  -1  -1  -1  -1
PatternADC: 23560  250  -1  -1  -1  251  -1  -1  -1  -1  -1  -1  -1  -1  -1  -1  -1
PatternADC: 23563  252  -1  -1  -1  253  -1  -1  -1  -1  -1  -1  -1  -1  -1  -1  -1
PatternADC: 23564  254  -1  -1  -1  255  -1  -1  -1  -1  -1  -1  -1  -1  -1  -1  -1
## Block E
PatternADC: 24503  256  -1  -1  -1  257  -1  -1  -1  -1  -1  -1  -1  -1  -1  -1  -1
PatternADC: 24504  258  -1  -1  -1  259  -1  -1  -1  -1  -1  -1  -1  -1  -1  -1  -1
PatternADC: 24507  260  -1  -1  -1  261  -1  -1  -1  -1  -1  -1  -1  -1  -1  -1  -1
PatternADC: 24508  262  -1  -1  -1  263  -1  -1  -1  -1  -1  -1  -1  -1  -1  -1  -1
PatternADC: 24511  264  -1  -1  -1  265  -1  -1  -1  -1  -1  -1  -1  -1  -1  -1  -1
PatternADC: 24512  266  -1  -1  -1  267  -1  -1  -1  -1  -1  -1  -1  -1  -1  -1  -1
PatternADC: 24515  268  -1  -1  -1  269  -1  -1  -1  -1  -1  -1  -1  -1  -1  -1  -1
PatternADC: 24516  270  -1  -1  -1  271  -1  -1  -1  -1  -1  -1  -1  -1  -1  -1  -1
PatternADC: 24519  272  -1  -1  -1  273  -1  -1  -1  -1  -1  -1  -1  -1  -1  -1  -1
PatternADC: 24520  274  -1  -1  -1  275  -1  -1  -1  -1  -1  -1  -1  -1  -1  -1  -1
PatternADC: 24523  276  -1  -1  -1  277  -1  -1  -1  -1  -1  -1  -1  -1  -1  -1  -1
PatternADC: 24524  278  -1  -1  -1  279  -1  -1  -1  -1  -1  -1  -1  -1  -1  -1  -1
PatternADC: 24527  280  -1  -1  -1  281  -1  -1  -1  -1  -1  -1  -1  -1  -1  -1  -1
PatternADC: 24528  282  -1  -1  -1  283  -1  -1  -1  -1  -1  -1  -1  -1  -1  -1  -1
PatternADC: 24531  284  -1  -1  -1  285  -1  -1  -1  -1  -1  -1  -1  -1  -1  -1  -1
PatternADC: 24532  286  -1  -1  -1  287  -1  -1  -1  -1  -1  -1  -1  -1  -1  -1  -1
PatternADC: 24535  288  -1  -1  -1  289  -1  -1  -1  -1  -1  -1  -1  -1  -1  -1  -1
PatternADC: 24536  290  -1  -1  -1  291  -1  -1  -1  -1  -1  -1  -1  -1  -1  -1  -1
PatternADC: 24539  292  -1  -1  -1  293  -1  -1  -1  -1  -1  -1  -1  -1  -1  -1  -1
PatternADC: 24540  294  -1  -1  -1  295  -1  -1  -1  -1  -1  -1  -1  -1  -1  -1  -1
PatternADC: 24543  296  -1  -1  -1  297  -1  -1  -1  -1  -1  -1  -1  -1  -1  -1  -1
PatternADC: 24544  298  -1  -1  -1  299  -1  -1  -1  -1  -1  -1  -1  -1  -1  -1  -1
PatternADC: 24547  300  -1  -1  -1  301  -1  -1  -1  -1  -1  -1  -1  -1  -1  -1  -1
PatternADC: 24548  302  -1  -1  -1  303  -1  -1  -1  -1  -1  -1  -1  -1  -1  -1  -1
PatternADC: 24551  304  -1  -1  -1  305  -1  -1  -1  -1  -1  -1  -1  -1  -1  -1  -1
PatternADC: 24552  306  -1  -1  -1  307  -1  -1  -1  -1  -1  -1  -1  -1  -1  -1  -1
PatternADC: 24555  308  -1  -1  -1  309  -1  -1  -1  -1  -1  -1  -1  -1  -1  -1  -1
PatternADC: 24556  310  -1  -1  -1  311  -1  -1  -1  -1  -1  -1  -1  -1  -1  -1  -1
PatternADC: 24559  312  -1  -1  -1  313  -1  -1  -1  -1  -1  -1  -1  -1  -1  -1  -1
PatternADC: 24560  314  -1  -1  -1  315  -1  -1  -1  -1  -1  -1  -1  -1  -1  -1  -1
PatternADC: 24563  316  -1  -1  -1  317  -1  -1  -1  -1  -1  -1  -1  -1  -1  -1  -1
PatternADC: 24564  318  -1  -1  -1  319  -1  -1  -1  -1  -1  -1  -1  -1  -1  -1  -1
## Block F
PatternADC: 25503  320  -1  -1  -1  321  -1  -1  -1  -1  -1  -1  -1  -1  -1  -1  -1
PatternADC: 25504  322  -1  -1  -1  323  -1  -1  -1  -1  -1  -1  -1  -1  -1  -1  -1
PatternADC: 25507  324  -1  -1  -1  325  -1  -1  -1  -1  -1  -1  -1  -1  -1  -1  -1
PatternADC: 25508  326  -1  -1  -1  327  -1  -1  -1  -1  -1  -1  -1  -1  -1  -1  -1
PatternADC: 25511  328  -1  -1  -1  329  -1  -1  -1  -1  -1  -1  -1  -1  -1  -1  -1
PatternADC: 25512  330  -1  -1  -1  331  -1  -1  -1  -1  -1  -1  -1  -1  -1  -1  -1
PatternADC: 25515  332  -1  -1  -1  333  -1  -1  -1  -1  -1  -1  -1  -1  -1  -1  -1
PatternADC: 25516  334  -1  -1  -1  335  -1  -1  -1  -1  -1  -1  -1  -1  -1  -1  -1
PatternADC: 25519  336  -1  -1  -1  337  -1  -1  -1  -1  -1  -1  -1  -1  -1  -1  -1
PatternADC: 25520  338  -1  -1  -1  339  -1  -1  -1  -1  -1  -1  -1  -1  -1  -1  -1
PatternADC: 25523  340  -1  -1  -1  341  -1  -1  -1  -1  -1  -1  -1  -1  -1  -1  -1
PatternADC: 25524  342  -1  -1  -1  343  -1  -1  -1  -1  -1  -1  -1  -1  -1  -1  -1
PatternADC: 25527  344  -1  -1  -1  345  -1  -1  -1  -1  -1  -1  -1  -1  -1  -1  -1
PatternADC: 25528  346  -1  -1  -1  347  -1  -1  -1  -1  -1  -1  -1  -1  -1  -1  -1
PatternADC: 25531  348  -1  -1  -1  349  -1  -1  -1  -1  -1  -1  -1  -1  -1  -1  -1
PatternADC: 25532  350  -1  -1  -1  351  -1  -1  -1  -1  -1  -1  -1  -1  -1  -1  -1
PatternADC: 25535  352  -1  -1  -1  353  -1  -1  -1  -1  -1  -1  -1  -1  -1  -1  -1
PatternADC: 25536  354  -1  -1  -1  355  -1  -1  -1  -1  -1  -1  -1  -1  -1  -1  -1
PatternADC: 25539  356  -1  -1  -1  357  -1  -1  -1  -1  -1  -1  -1  -1  -1  -1  -1
PatternADC: 25540  358  -1  -1  -1  359  -1  -1  -1  -1  -1  -1  -1  -1  -1  -1  -1
PatternADC: 25543  360  -1  -1  -1  361  -1  -1  -1  -1  -1  -1  -1  -1  -1  -1  -1
PatternADC: 25544  362  -1  -1  -1  363  -1  -1  -1  -1  -1  -1  -1  -1  -1  -1  -1
PatternADC: 25547  364  -1  -1  -1  365  -1  -1  -1  -1  -1  -1  -1  -1  -1  -1  -1
PatternADC: 25548  366  -1  -1  -1  367  -1  -1  -1  -1  -1  -1  -1  -1  -1  -1  -1
PatternADC: 25551  368  -1  -1  -1  369  -1  -1  -1  -1  -1  -1  -1  -1  -1  -1  -1
PatternADC: 25552  370  -1  -1  -1  371  -1  -1  -1  -1  -1  -1  -1  -1  -1  -1  -1
PatternADC: 25555  372  -1  -1  -1  373  -1  -1  -1  -1  -1  -1  -1  -1  -1  -1  -1
PatternADC: 25556  374  -1  -1  -1  375  -1  -1  -1  -1  -1  -1  -1  -1  -1  -1  -1
PatternADC: 25559  376  -1  -1  -1  377  -1  -1  -1  -1  -1  -1  -1  -1  -1  -1  -1
PatternADC: 25560  378  -1  -1  -1  379  -1  -1  -1  -1  -1  -1  -1  -1  -1  -1  -1
PatternADC: 25563  380  -1  -1  -1  381  -1  -1  -1  -1  -1  -1  -1  -1  -1  -1  -1
PatternADC: 25564  382  -1  -1  -1  383  -1  -1  -1  -1  -1  -1  -1  -1  -1  -1  -1
##
##
## TAPS: LED1 pattern 
##	     Name	        #ADCs	#Channels
PatternSize: TAPS_LED1_Pattern    192     3072
# Block A
PatternADC: 20503  -1  000  -1  -1  -1  001  -1  -1  -1  -1  -1  -1  -1  -1  -1  -1
PatternADC: 20504  -1  002  -1  -1  -1  003  -1  -1  -1  -1  -1  -1  -1  -1  -1  -1
PatternADC: 20507  -1  004  -1  -1  -1  005  -1  -1  -1  -1  -1  -1  -1  -1  -1  -1
PatternADC: 20508  -1  006  -1  -1  -1  007  -1  -1  -1  -1  -1  -1  -1  -1  -1  -1
PatternADC: 20511  -1  008  -1  -1  -1  009  -1  -1  -1  -1  -1  -1  -1  -1  -1  -1
PatternADC: 20512  -1  010  -1  -1  -1  011  -1  -1  -1  -1  -1  -1  -1  -1  -1  -1
PatternADC: 20515  -1  012  -1  -1  -1  013  -1  -1  -1  -1  -1  -1  -1  -1  -1  -1
PatternADC: 20516  -1  014  -1  -1  -1  015  -1  -1  -1  -1  -1  -1  -1  -1  -1  -1
PatternADC: 20519  -1  016  -1  -1  -1  017  -1  -1  -1  -1  -1  -1  -1  -1  -1  -1
PatternADC: 20520  -1  018  -1  -1  -1  019  -1  -1  -1  -1  -1  -1  -1  -1  -1  -1
PatternADC: 20523  -1  020  -1  -1  -1  021  -1  -1  -1  -1  -1  -1  -1  -1  -1  -1
PatternADC: 20524  -1  022  -1  -1  -1  023  -1  -1  -1  -1  -1  -1  -1  -1  -1  -1
PatternADC: 20527  -1  024  -1  -1  -1  025  -1  -1  -1  -1  -1  -1  -1  -1  -1  -1
PatternADC: 20528  -1  026  -1  -1  -1  027  -1  -1  -1  -1  -1  -1  -1  -1  -1  -1
PatternADC: 20531  -1  028  -1  -1  -1  029  -1  -1  -1  -1  -1  -1  -1  -1  -1  -1
PatternADC: 20532  -1  030  -1  -1  -1  031  -1  -1  -1  -1  -1  -1  -1  -1  -1  -1
PatternADC: 20535  -1  032  -1  -1  -1  033  -1  -1  -1  -1  -1  -1  -1  -1  -1  -1
PatternADC: 20536  -1  034  -1  -1  -1  035  -1  -1  -1  -1  -1  -1  -1  -1  -1  -1
PatternADC: 20539  -1  036  -1  -1  -1  037  -1  -1  -1  -1  -1  -1  -1  -1  -1  -1
PatternADC: 20540  -1  038  -1  -1  -1  039  -1  -1  -1  -1  -1  -1  -1  -1  -1  -1
PatternADC: 20543  -1  040  -1  -1  -1  041  -1  -1  -1  -1  -1  -1  -1  -1  -1  -1
PatternADC: 20544  -1  042  -1  -1  -1  043  -1  -1  -1  -1  -1  -1  -1  -1  -1  -1
PatternADC: 20547  -1  044  -1  -1  -1  045  -1  -1  -1  -1  -1  -1  -1  -1  -1  -1
PatternADC: 20548  -1  046  -1  -1  -1  047  -1  -1  -1  -1  -1  -1  -1  -1  -1  -1
PatternADC: 20551  -1  048  -1  -1  -1  049  -1  -1  -1  -1  -1  -1  -1  -1  -1  -1
PatternADC: 20552  -1  050  -1  -1  -1  051  -1  -1  -1  -1  -1  -1  -1  -1  -1  -1
PatternADC: 20555  -1  052  -1  -1  -1  053  -1  -1  -1  -1  -1  -1  -1  -1  -1  -1
PatternADC: 20556  -1  054  -1  -1  -1  055  -1  -1  -1  -1  -1  -1  -1  -1  -1  -1
PatternADC: 20559  -1  056  -1  -1  -1  057  -1  -1  -1  -1  -1  -1  -1  -1  -1  -1
PatternADC: 20560  -1  058  -1  -1  -1  059  -1  -1  -1  -1  -1  -1  -1  -1  -1  -1
PatternADC: 20563  -1  060  -1  -1  -1  061  -1  -1  -1  -1  -1  -1  -1  -1  -1  -1
PatternADC: 20564  -1  062  -1  -1  -1  063  -1  -1  -1  -1  -1  -1  -1  -1  -1  -1
## Block B                              
PatternADC: 21503  -1  064  -1  -1  -1  065  -1  -1  -1  -1  -1  -1  -1  -1  -1  -1
PatternADC: 21504  -1  066  -1  -1  -1  067  -1  -1  -1  -1  -1  -1  -1  -1  -1  -1
PatternADC: 21507  -1  068  -1  -1  -1  069  -1  -1  -1  -1  -1  -1  -1  -1  -1  -1
PatternADC: 21508  -1  070  -1  -1  -1  071  -1  -1  -1  -1  -1  -1  -1  -1  -1  -1
PatternADC: 21511  -1  072  -1  -1  -1  073  -1  -1  -1  -1  -1  -1  -1  -1  -1  -1
PatternADC: 21512  -1  074  -1  -1  -1  075  -1  -1  -1  -1  -1  -1  -1  -1  -1  -1
PatternADC: 21515  -1  076  -1  -1  -1  077  -1  -1  -1  -1  -1  -1  -1  -1  -1  -1
PatternADC: 21516  -1  078  -1  -1  -1  079  -1  -1  -1  -1  -1  -1  -1  -1  -1  -1
PatternADC: 21519  -1  080  -1  -1  -1  081  -1  -1  -1  -1  -1  -1  -1  -1  -1  -1
PatternADC: 21520  -1  082  -1  -1  -1  083  -1  -1  -1  -1  -1  -1  -1  -1  -1  -1
PatternADC: 21523  -1  084  -1  -1  -1  085  -1  -1  -1  -1  -1  -1  -1  -1  -1  -1
PatternADC: 21524  -1  086  -1  -1  -1  087  -1  -1  -1  -1  -1  -1  -1  -1  -1  -1
PatternADC: 21527  -1  088  -1  -1  -1  089  -1  -1  -1  -1  -1  -1  -1  -1  -1  -1
PatternADC: 21528  -1  090  -1  -1  -1  091  -1  -1  -1  -1  -1  -1  -1  -1  -1  -1
PatternADC: 21531  -1  092  -1  -1  -1  093  -1  -1  -1  -1  -1  -1  -1  -1  -1  -1
PatternADC: 21532  -1  094  -1  -1  -1  095  -1  -1  -1  -1  -1  -1  -1  -1  -1  -1
PatternADC: 21535  -1  096  -1  -1  -1  097  -1  -1  -1  -1  -1  -1  -1  -1  -1  -1
PatternADC: 21536  -1  098  -1  -1  -1  099  -1  -1  -1  -1  -1  -1  -1  -1  -1  -1
PatternADC: 21539  -1  100  -1  -1  -1  101  -1  -1  -1  -1  -1  -1  -1  -1  -1  -1
PatternADC: 21540  -1  102  -1  -1  -1  103  -1  -1  -1  -1  -1  -1  -1  -1  -1  -1
PatternADC: 21543  -1  104  -1  -1  -1  105  -1  -1  -1  -1  -1  -1  -1  -1  -1  -1
PatternADC: 21544  -1  106  -1  -1  -1  107  -1  -1  -1  -1  -1  -1  -1  -1  -1  -1
PatternADC: 21547  -1  108  -1  -1  -1  109  -1  -1  -1  -1  -1  -1  -1  -1  -1  -1
PatternADC: 21548  -1  110  -1  -1  -1  111  -1  -1  -1  -1  -1  -1  -1  -1  -1  -1
PatternADC: 21551  -1  112  -1  -1  -1  113  -1  -1  -1  -1  -1  -1  -1  -1  -1  -1
PatternADC: 21552  -1  114  -1  -1  -1  115  -1  -1  -1  -1  -1  -1  -1  -1  -1  -1
PatternADC: 21555  -1  116  -1  -1  -1  117  -1  -1  -1  -1  -1  -1  -1  -1  -1  -1
PatternADC: 21556  -1  118  -1  -1  -1  119  -1  -1  -1  -1  -1  -1  -1  -1  -1  -1
PatternADC: 21559  -1  120  -1  -1  -1  121  -1  -1  -1  -1  -1  -1  -1  -1  -1  -1
PatternADC: 21560  -1  122  -1  -1  -1  123  -1  -1  -1  -1  -1  -1  -1  -1  -1  -1
PatternADC: 21563  -1  124  -1  -1  -1  125  -1  -1  -1  -1  -1  -1  -1  -1  -1  -1
PatternADC: 21564  -1  126  -1  -1  -1  127  -1  -1  -1  -1  -1  -1  -1  -1  -1  -1
## Block C                              
PatternADC: 22503  -1  128  -1  -1  -1  129  -1  -1  -1  -1  -1  -1  -1  -1  -1  -1
PatternADC: 22504  -1  130  -1  -1  -1  131  -1  -1  -1  -1  -1  -1  -1  -1  -1  -1
PatternADC: 22507  -1  132  -1  -1  -1  133  -1  -1  -1  -1  -1  -1  -1  -1  -1  -1
PatternADC: 22508  -1  134  -1  -1  -1  135  -1  -1  -1  -1  -1  -1  -1  -1  -1  -1
PatternADC: 22511  -1  136  -1  -1  -1  137  -1  -1  -1  -1  -1  -1  -1  -1  -1  -1
PatternADC: 22512  -1  138  -1  -1  -1  139  -1  -1  -1  -1  -1  -1  -1  -1  -1  -1
PatternADC: 22515  -1  140  -1  -1  -1  141  -1  -1  -1  -1  -1  -1  -1  -1  -1  -1
PatternADC: 22516  -1  142  -1  -1  -1  143  -1  -1  -1  -1  -1  -1  -1  -1  -1  -1
PatternADC: 22519  -1  144  -1  -1  -1  145  -1  -1  -1  -1  -1  -1  -1  -1  -1  -1
PatternADC: 22520  -1  146  -1  -1  -1  147  -1  -1  -1  -1  -1  -1  -1  -1  -1  -1
PatternADC: 22523  -1  148  -1  -1  -1  149  -1  -1  -1  -1  -1  -1  -1  -1  -1  -1
PatternADC: 22524  -1  150  -1  -1  -1  151  -1  -1  -1  -1  -1  -1  -1  -1  -1  -1
PatternADC: 22527  -1  152  -1  -1  -1  153  -1  -1  -1  -1  -1  -1  -1  -1  -1  -1
PatternADC: 22528  -1  154  -1  -1  -1  155  -1  -1  -1  -1  -1  -1  -1  -1  -1  -1
PatternADC: 22531  -1  156  -1  -1  -1  157  -1  -1  -1  -1  -1  -1  -1  -1  -1  -1
PatternADC: 22532  -1  158  -1  -1  -1  159  -1  -1  -1  -1  -1  -1  -1  -1  -1  -1
PatternADC: 22535  -1  160  -1  -1  -1  161  -1  -1  -1  -1  -1  -1  -1  -1  -1  -1
PatternADC: 22536  -1  162  -1  -1  -1  163  -1  -1  -1  -1  -1  -1  -1  -1  -1  -1
PatternADC: 22539  -1  164  -1  -1  -1  165  -1  -1  -1  -1  -1  -1  -1  -1  -1  -1
PatternADC: 22540  -1  166  -1  -1  -1  167  -1  -1  -1  -1  -1  -1  -1  -1  -1  -1
PatternADC: 22543  -1  168  -1  -1  -1  169  -1  -1  -1  -1  -1  -1  -1  -1  -1  -1
PatternADC: 22544  -1  170  -1  -1  -1  171  -1  -1  -1  -1  -1  -1  -1  -1  -1  -1
PatternADC: 22547  -1  172  -1  -1  -1  173  -1  -1  -1  -1  -1  -1  -1  -1  -1  -1
PatternADC: 22548  -1  174  -1  -1  -1  175  -1  -1  -1  -1  -1  -1  -1  -1  -1  -1
PatternADC: 22551  -1  176  -1  -1  -1  177  -1  -1  -1  -1  -1  -1  -1  -1  -1  -1
PatternADC: 22552  -1  178  -1  -1  -1  179  -1  -1  -1  -1  -1  -1  -1  -1  -1  -1
PatternADC: 22555  -1  180  -1  -1  -1  181  -1  -1  -1  -1  -1  -1  -1  -1  -1  -1
PatternADC: 22556  -1  182  -1  -1  -1  183  -1  -1  -1  -1  -1  -1  -1  -1  -1  -1
PatternADC: 22559  -1  184  -1  -1  -1  185  -1  -1  -1  -1  -1  -1  -1  -1  -1  -1
PatternADC: 22560  -1  186  -1  -1  -1  187  -1  -1  -1  -1  -1  -1  -1  -1  -1  -1
PatternADC: 22563  -1  188  -1  -1  -1  189  -1  -1  -1  -1  -1  -1  -1  -1  -1  -1
PatternADC: 22564  -1  190  -1  -1  -1  191  -1  -1  -1  -1  -1  -1  -1  -1  -1  -1
## Block D                              
PatternADC: 23503  -1  192  -1  -1  -1  193  -1  -1  -1  -1  -1  -1  -1  -1  -1  -1
PatternADC: 23504  -1  194  -1  -1  -1  195  -1  -1  -1  -1  -1  -1  -1  -1  -1  -1
PatternADC: 23507  -1  196  -1  -1  -1  197  -1  -1  -1  -1  -1  -1  -1  -1  -1  -1
PatternADC: 23508  -1  198  -1  -1  -1  199  -1  -1  -1  -1  -1  -1  -1  -1  -1  -1
PatternADC: 23511  -1  200  -1  -1  -1  201  -1  -1  -1  -1  -1  -1  -1  -1  -1  -1
PatternADC: 23512  -1  202  -1  -1  -1  203  -1  -1  -1  -1  -1  -1  -1  -1  -1  -1
PatternADC: 23515  -1  204  -1  -1  -1  205  -1  -1  -1  -1  -1  -1  -1  -1  -1  -1
PatternADC: 23516  -1  206  -1  -1  -1  207  -1  -1  -1  -1  -1  -1  -1  -1  -1  -1
PatternADC: 23519  -1  208  -1  -1  -1  209  -1  -1  -1  -1  -1  -1  -1  -1  -1  -1
PatternADC: 23520  -1  210  -1  -1  -1  211  -1  -1  -1  -1  -1  -1  -1  -1  -1  -1
PatternADC: 23523  -1  212  -1  -1  -1  213  -1  -1  -1  -1  -1  -1  -1  -1  -1  -1
PatternADC: 23524  -1  214  -1  -1  -1  215  -1  -1  -1  -1  -1  -1  -1  -1  -1  -1
PatternADC: 23527  -1  216  -1  -1  -1  217  -1  -1  -1  -1  -1  -1  -1  -1  -1  -1
PatternADC: 23528  -1  218  -1  -1  -1  219  -1  -1  -1  -1  -1  -1  -1  -1  -1  -1
PatternADC: 23531  -1  220  -1  -1  -1  221  -1  -1  -1  -1  -1  -1  -1  -1  -1  -1
PatternADC: 23532  -1  222  -1  -1  -1  223  -1  -1  -1  -1  -1  -1  -1  -1  -1  -1
PatternADC: 23535  -1  224  -1  -1  -1  225  -1  -1  -1  -1  -1  -1  -1  -1  -1  -1
PatternADC: 23536  -1  226  -1  -1  -1  227  -1  -1  -1  -1  -1  -1  -1  -1  -1  -1
PatternADC: 23539  -1  228  -1  -1  -1  229  -1  -1  -1  -1  -1  -1  -1  -1  -1  -1
PatternADC: 23540  -1  230  -1  -1  -1  231  -1  -1  -1  -1  -1  -1  -1  -1  -1  -1
PatternADC: 23543  -1  232  -1  -1  -1  233  -1  -1  -1  -1  -1  -1  -1  -1  -1  -1
PatternADC: 23544  -1  234  -1  -1  -1  235  -1  -1  -1  -1  -1  -1  -1  -1  -1  -1
PatternADC: 23547  -1  236  -1  -1  -1  237  -1  -1  -1  -1  -1  -1  -1  -1  -1  -1
PatternADC: 23548  -1  238  -1  -1  -1  239  -1  -1  -1  -1  -1  -1  -1  -1  -1  -1
PatternADC: 23551  -1  240  -1  -1  -1  241  -1  -1  -1  -1  -1  -1  -1  -1  -1  -1
PatternADC: 23552  -1  242  -1  -1  -1  243  -1  -1  -1  -1  -1  -1  -1  -1  -1  -1
PatternADC: 23555  -1  244  -1  -1  -1  245  -1  -1  -1  -1  -1  -1  -1  -1  -1  -1
PatternADC: 23556  -1  246  -1  -1  -1  247  -1  -1  -1  -1  -1  -1  -1  -1  -1  -1
PatternADC: 23559  -1  248  -1  -1  -1  249  -1  -1  -1  -1  -1  -1  -1  -1  -1  -1
PatternADC: 23560  -1  250  -1  -1  -1  251  -1  -1  -1  -1  -1  -1  -1  -1  -1  -1
PatternADC: 23563  -1  252  -1  -1  -1  253  -1  -1  -1  -1  -1  -1  -1  -1  -1  -1
PatternADC: 23564  -1  254  -1  -1  -1  255  -1  -1  -1  -1  -1  -1  -1  -1  -1  -1
## Block E                              
PatternADC: 24503  -1  256  -1  -1  -1  257  -1  -1  -1  -1  -1  -1  -1  -1  -1  -1
PatternADC: 24504  -1  258  -1  -1  -1  259  -1  -1  -1  -1  -1  -1  -1  -1  -1  -1
PatternADC: 24507  -1  260  -1  -1  -1  261  -1  -1  -1  -1  -1  -1  -1  -1  -1  -1
PatternADC: 24508  -1  262  -1  -1  -1  263  -1  -1  -1  -1  -1  -1  -1  -1  -1  -1
PatternADC: 24511  -1  264  -1  -1  -1  265  -1  -1  -1  -1  -1  -1  -1  -1  -1  -1
PatternADC: 24512  -1  266  -1  -1  -1  267  -1  -1  -1  -1  -1  -1  -1  -1  -1  -1
PatternADC: 24515  -1  268  -1  -1  -1  269  -1  -1  -1  -1  -1  -1  -1  -1  -1  -1
PatternADC: 24516  -1  270  -1  -1  -1  271  -1  -1  -1  -1  -1  -1  -1  -1  -1  -1
PatternADC: 24519  -1  272  -1  -1  -1  273  -1  -1  -1  -1  -1  -1  -1  -1  -1  -1
PatternADC: 24520  -1  274  -1  -1  -1  275  -1  -1  -1  -1  -1  -1  -1  -1  -1  -1
PatternADC: 24523  -1  276  -1  -1  -1  277  -1  -1  -1  -1  -1  -1  -1  -1  -1  -1
PatternADC: 24524  -1  278  -1  -1  -1  279  -1  -1  -1  -1  -1  -1  -1  -1  -1  -1
PatternADC: 24527  -1  280  -1  -1  -1  281  -1  -1  -1  -1  -1  -1  -1  -1  -1  -1
PatternADC: 24528  -1  282  -1  -1  -1  283  -1  -1  -1  -1  -1  -1  -1  -1  -1  -1
PatternADC: 24531  -1  284  -1  -1  -1  285  -1  -1  -1  -1  -1  -1  -1  -1  -1  -1
PatternADC: 24532  -1  286  -1  -1  -1  287  -1  -1  -1  -1  -1  -1  -1  -1  -1  -1
PatternADC: 24535  -1  288  -1  -1  -1  289  -1  -1  -1  -1  -1  -1  -1  -1  -1  -1
PatternADC: 24536  -1  290  -1  -1  -1  291  -1  -1  -1  -1  -1  -1  -1  -1  -1  -1
PatternADC: 24539  -1  292  -1  -1  -1  293  -1  -1  -1  -1  -1  -1  -1  -1  -1  -1
PatternADC: 24540  -1  294  -1  -1  -1  295  -1  -1  -1  -1  -1  -1  -1  -1  -1  -1
PatternADC: 24543  -1  296  -1  -1  -1  297  -1  -1  -1  -1  -1  -1  -1  -1  -1  -1
PatternADC: 24544  -1  298  -1  -1  -1  299  -1  -1  -1  -1  -1  -1  -1  -1  -1  -1
PatternADC: 24547  -1  300  -1  -1  -1  301  -1  -1  -1  -1  -1  -1  -1  -1  -1  -1
PatternADC: 24548  -1  302  -1  -1  -1  303  -1  -1  -1  -1  -1  -1  -1  -1  -1  -1
PatternADC: 24551  -1  304  -1  -1  -1  305  -1  -1  -1  -1  -1  -1  -1  -1  -1  -1
PatternADC: 24552  -1  306  -1  -1  -1  307  -1  -1  -1  -1  -1  -1  -1  -1  -1  -1
PatternADC: 24555  -1  308  -1  -1  -1  309  -1  -1  -1  -1  -1  -1  -1  -1  -1  -1
PatternADC: 24556  -1  310  -1  -1  -1  311  -1  -1  -1  -1  -1  -1  -1  -1  -1  -1
PatternADC: 24559  -1  312  -1  -1  -1  313  -1  -1  -1  -1  -1  -1  -1  -1  -1  -1
PatternADC: 24560  -1  314  -1  -1  -1  315  -1  -1  -1  -1  -1  -1  -1  -1  -1  -1
PatternADC: 24563  -1  316  -1  -1  -1  317  -1  -1  -1  -1  -1  -1  -1  -1  -1  -1
PatternADC: 24564  -1  318  -1  -1  -1  319  -1  -1  -1  -1  -1  -1  -1  -1  -1  -1
## Block F                              
PatternADC: 25503  -1  320  -1  -1  -1  321  -1  -1  -1  -1  -1  -1  -1  -1  -1  -1
PatternADC: 25504  -1  322  -1  -1  -1  323  -1  -1  -1  -1  -1  -1  -1  -1  -1  -1
PatternADC: 25507  -1  324  -1  -1  -1  325  -1  -1  -1  -1  -1  -1  -1  -1  -1  -1
PatternADC: 25508  -1  326  -1  -1  -1  327  -1  -1  -1  -1  -1  -1  -1  -1  -1  -1
PatternADC: 25511  -1  328  -1  -1  -1  329  -1  -1  -1  -1  -1  -1  -1  -1  -1  -1
PatternADC: 25512  -1  330  -1  -1  -1  331  -1  -1  -1  -1  -1  -1  -1  -1  -1  -1
PatternADC: 25515  -1  332  -1  -1  -1  333  -1  -1  -1  -1  -1  -1  -1  -1  -1  -1
PatternADC: 25516  -1  334  -1  -1  -1  335  -1  -1  -1  -1  -1  -1  -1  -1  -1  -1
PatternADC: 25519  -1  336  -1  -1  -1  337  -1  -1  -1  -1  -1  -1  -1  -1  -1  -1
PatternADC: 25520  -1  338  -1  -1  -1  339  -1  -1  -1  -1  -1  -1  -1  -1  -1  -1
PatternADC: 25523  -1  340  -1  -1  -1  341  -1  -1  -1  -1  -1  -1  -1  -1  -1  -1
PatternADC: 25524  -1  342  -1  -1  -1  343  -1  -1  -1  -1  -1  -1  -1  -1  -1  -1
PatternADC: 25527  -1  344  -1  -1  -1  345  -1  -1  -1  -1  -1  -1  -1  -1  -1  -1
PatternADC: 25528  -1  346  -1  -1  -1  347  -1  -1  -1  -1  -1  -1  -1  -1  -1  -1
PatternADC: 25531  -1  348  -1  -1  -1  349  -1  -1  -1  -1  -1  -1  -1  -1  -1  -1
PatternADC: 25532  -1  350  -1  -1  -1  351  -1  -1  -1  -1  -1  -1  -1  -1  -1  -1
PatternADC: 25535  -1  352  -1  -1  -1  353  -1  -1  -1  -1  -1  -1  -1  -1  -1  -1
PatternADC: 25536  -1  354  -1  -1  -1  355  -1  -1  -1  -1  -1  -1  -1  -1  -1  -1
PatternADC: 25539  -1  356  -1  -1  -1  357  -1  -1  -1  -1  -1  -1  -1  -1  -1  -1
PatternADC: 25540  -1  358  -1  -1  -1  359  -1  -1  -1  -1  -1  -1  -1  -1  -1  -1
PatternADC: 25543  -1  360  -1  -1  -1  361  -1  -1  -1  -1  -1  -1  -1  -1  -1  -1
PatternADC: 25544  -1  362  -1  -1  -1  363  -1  -1  -1  -1  -1  -1  -1  -1  -1  -1
PatternADC: 25547  -1  364  -1  -1  -1  365  -1  -1  -1  -1  -1  -1  -1  -1  -1  -1
PatternADC: 25548  -1  366  -1  -1  -1  367  -1  -1  -1  -1  -1  -1  -1  -1  -1  -1
PatternADC: 25551  -1  368  -1  -1  -1  369  -1  -1  -1  -1  -1  -1  -1  -1  -1  -1
PatternADC: 25552  -1  370  -1  -1  -1  371  -1  -1  -1  -1  -1  -1  -1  -1  -1  -1
PatternADC: 25555  -1  372  -1  -1  -1  373  -1  -1  -1  -1  -1  -1  -1  -1  -1  -1
PatternADC: 25556  -1  374  -1  -1  -1  375  -1  -1  -1  -1  -1  -1  -1  -1  -1  -1
PatternADC: 25559  -1  376  -1  -1  -1  377  -1  -1  -1  -1  -1  -1  -1  -1  -1  -1
PatternADC: 25560  -1  378  -1  -1  -1  379  -1  -1  -1  -1  -1  -1  -1  -1  -1  -1
PatternADC: 25563  -1  380  -1  -1  -1  381  -1  -1  -1  -1  -1  -1  -1  -1  -1  -1
PatternADC: 25564  -1  382  -1  -1  -1  383  -1  -1  -1  -1  -1  -1  -1  -1  -1  -1
##
##
## TAPS: LED2 pattern 
##	     Name	        #ADCs	#Channels
PatternSize: TAPS_LED2_Pattern    192     3072
# Block A
PatternADC: 20503  -1  -1  000  -1  -1  -1  001  -1  -1  -1  -1  -1  -1  -1  -1  -1
PatternADC: 20504  -1  -1  002  -1  -1  -1  003  -1  -1  -1  -1  -1  -1  -1  -1  -1
PatternADC: 20507  -1  -1  004  -1  -1  -1  005  -1  -1  -1  -1  -1  -1  -1  -1  -1
PatternADC: 20508  -1  -1  006  -1  -1  -1  007  -1  -1  -1  -1  -1  -1  -1  -1  -1
PatternADC: 20511  -1  -1  008  -1  -1  -1  009  -1  -1  -1  -1  -1  -1  -1  -1  -1
PatternADC: 20512  -1  -1  010  -1  -1  -1  011  -1  -1  -1  -1  -1  -1  -1  -1  -1
PatternADC: 20515  -1  -1  012  -1  -1  -1  013  -1  -1  -1  -1  -1  -1  -1  -1  -1
PatternADC: 20516  -1  -1  014  -1  -1  -1  015  -1  -1  -1  -1  -1  -1  -1  -1  -1
PatternADC: 20519  -1  -1  016  -1  -1  -1  017  -1  -1  -1  -1  -1  -1  -1  -1  -1
PatternADC: 20520  -1  -1  018  -1  -1  -1  019  -1  -1  -1  -1  -1  -1  -1  -1  -1
PatternADC: 20523  -1  -1  020  -1  -1  -1  021  -1  -1  -1  -1  -1  -1  -1  -1  -1
PatternADC: 20524  -1  -1  022  -1  -1  -1  023  -1  -1  -1  -1  -1  -1  -1  -1  -1
PatternADC: 20527  -1  -1  024  -1  -1  -1  025  -1  -1  -1  -1  -1  -1  -1  -1  -1
PatternADC: 20528  -1  -1  026  -1  -1  -1  027  -1  -1  -1  -1  -1  -1  -1  -1  -1
PatternADC: 20531  -1  -1  028  -1  -1  -1  029  -1  -1  -1  -1  -1  -1  -1  -1  -1
PatternADC: 20532  -1  -1  030  -1  -1  -1  031  -1  -1  -1  -1  -1  -1  -1  -1  -1
PatternADC: 20535  -1  -1  032  -1  -1  -1  033  -1  -1  -1  -1  -1  -1  -1  -1  -1
PatternADC: 20536  -1  -1  034  -1  -1  -1  035  -1  -1  -1  -1  -1  -1  -1  -1  -1
PatternADC: 20539  -1  -1  036  -1  -1  -1  037  -1  -1  -1  -1  -1  -1  -1  -1  -1
PatternADC: 20540  -1  -1  038  -1  -1  -1  039  -1  -1  -1  -1  -1  -1  -1  -1  -1
PatternADC: 20543  -1  -1  040  -1  -1  -1  041  -1  -1  -1  -1  -1  -1  -1  -1  -1
PatternADC: 20544  -1  -1  042  -1  -1  -1  043  -1  -1  -1  -1  -1  -1  -1  -1  -1
PatternADC: 20547  -1  -1  044  -1  -1  -1  045  -1  -1  -1  -1  -1  -1  -1  -1  -1
PatternADC: 20548  -1  -1  046  -1  -1  -1  047  -1  -1  -1  -1  -1  -1  -1  -1  -1
PatternADC: 20551  -1  -1  048  -1  -1  -1  049  -1  -1  -1  -1  -1  -1  -1  -1  -1
PatternADC: 20552  -1  -1  050  -1  -1  -1  051  -1  -1  -1  -1  -1  -1  -1  -1  -1
PatternADC: 20555  -1  -1  052  -1  -1  -1  053  -1  -1  -1  -1  -1  -1  -1  -1  -1
PatternADC: 20556  -1  -1  054  -1  -1  -1  055  -1  -1  -1  -1  -1  -1  -1  -1  -1
PatternADC: 20559  -1  -1  056  -1  -1  -1  057  -1  -1  -1  -1  -1  -1  -1  -1  -1
PatternADC: 20560  -1  -1  058  -1  -1  -1  059  -1  -1  -1  -1  -1  -1  -1  -1  -1
PatternADC: 20563  -1  -1  060  -1  -1  -1  061  -1  -1  -1  -1  -1  -1  -1  -1  -1
PatternADC: 20564  -1  -1  062  -1  -1  -1  063  -1  -1  -1  -1  -1  -1  -1  -1  -1
## Block B                                  
PatternADC: 21503  -1  -1  064  -1  -1  -1  065  -1  -1  -1  -1  -1  -1  -1  -1  -1
PatternADC: 21504  -1  -1  066  -1  -1  -1  067  -1  -1  -1  -1  -1  -1  -1  -1  -1
PatternADC: 21507  -1  -1  068  -1  -1  -1  069  -1  -1  -1  -1  -1  -1  -1  -1  -1
PatternADC: 21508  -1  -1  070  -1  -1  -1  071  -1  -1  -1  -1  -1  -1  -1  -1  -1
PatternADC: 21511  -1  -1  072  -1  -1  -1  073  -1  -1  -1  -1  -1  -1  -1  -1  -1
PatternADC: 21512  -1  -1  074  -1  -1  -1  075  -1  -1  -1  -1  -1  -1  -1  -1  -1
PatternADC: 21515  -1  -1  076  -1  -1  -1  077  -1  -1  -1  -1  -1  -1  -1  -1  -1
PatternADC: 21516  -1  -1  078  -1  -1  -1  079  -1  -1  -1  -1  -1  -1  -1  -1  -1
PatternADC: 21519  -1  -1  080  -1  -1  -1  081  -1  -1  -1  -1  -1  -1  -1  -1  -1
PatternADC: 21520  -1  -1  082  -1  -1  -1  083  -1  -1  -1  -1  -1  -1  -1  -1  -1
PatternADC: 21523  -1  -1  084  -1  -1  -1  085  -1  -1  -1  -1  -1  -1  -1  -1  -1
PatternADC: 21524  -1  -1  086  -1  -1  -1  087  -1  -1  -1  -1  -1  -1  -1  -1  -1
PatternADC: 21527  -1  -1  088  -1  -1  -1  089  -1  -1  -1  -1  -1  -1  -1  -1  -1
PatternADC: 21528  -1  -1  090  -1  -1  -1  091  -1  -1  -1  -1  -1  -1  -1  -1  -1
PatternADC: 21531  -1  -1  092  -1  -1  -1  093  -1  -1  -1  -1  -1  -1  -1  -1  -1
PatternADC: 21532  -1  -1  094  -1  -1  -1  095  -1  -1  -1  -1  -1  -1  -1  -1  -1
PatternADC: 21535  -1  -1  096  -1  -1  -1  097  -1  -1  -1  -1  -1  -1  -1  -1  -1
PatternADC: 21536  -1  -1  098  -1  -1  -1  099  -1  -1  -1  -1  -1  -1  -1  -1  -1
PatternADC: 21539  -1  -1  100  -1  -1  -1  101  -1  -1  -1  -1  -1  -1  -1  -1  -1
PatternADC: 21540  -1  -1  102  -1  -1  -1  103  -1  -1  -1  -1  -1  -1  -1  -1  -1
PatternADC: 21543  -1  -1  104  -1  -1  -1  105  -1  -1  -1  -1  -1  -1  -1  -1  -1
PatternADC: 21544  -1  -1  106  -1  -1  -1  107  -1  -1  -1  -1  -1  -1  -1  -1  -1
PatternADC: 21547  -1  -1  108  -1  -1  -1  109  -1  -1  -1  -1  -1  -1  -1  -1  -1
PatternADC: 21548  -1  -1  110  -1  -1  -1  111  -1  -1  -1  -1  -1  -1  -1  -1  -1
PatternADC: 21551  -1  -1  112  -1  -1  -1  113  -1  -1  -1  -1  -1  -1  -1  -1  -1
PatternADC: 21552  -1  -1  114  -1  -1  -1  115  -1  -1  -1  -1  -1  -1  -1  -1  -1
PatternADC: 21555  -1  -1  116  -1  -1  -1  117  -1  -1  -1  -1  -1  -1  -1  -1  -1
PatternADC: 21556  -1  -1  118  -1  -1  -1  119  -1  -1  -1  -1  -1  -1  -1  -1  -1
PatternADC: 21559  -1  -1  120  -1  -1  -1  121  -1  -1  -1  -1  -1  -1  -1  -1  -1
PatternADC: 21560  -1  -1  122  -1  -1  -1  123  -1  -1  -1  -1  -1  -1  -1  -1  -1
PatternADC: 21563  -1  -1  124  -1  -1  -1  125  -1  -1  -1  -1  -1  -1  -1  -1  -1
PatternADC: 21564  -1  -1  126  -1  -1  -1  127  -1  -1  -1  -1  -1  -1  -1  -1  -1
## Block C                                  
PatternADC: 22503  -1  -1  128  -1  -1  -1  129  -1  -1  -1  -1  -1  -1  -1  -1  -1
PatternADC: 22504  -1  -1  130  -1  -1  -1  131  -1  -1  -1  -1  -1  -1  -1  -1  -1
PatternADC: 22507  -1  -1  132  -1  -1  -1  133  -1  -1  -1  -1  -1  -1  -1  -1  -1
PatternADC: 22508  -1  -1  134  -1  -1  -1  135  -1  -1  -1  -1  -1  -1  -1  -1  -1
PatternADC: 22511  -1  -1  136  -1  -1  -1  137  -1  -1  -1  -1  -1  -1  -1  -1  -1
PatternADC: 22512  -1  -1  138  -1  -1  -1  139  -1  -1  -1  -1  -1  -1  -1  -1  -1
PatternADC: 22515  -1  -1  140  -1  -1  -1  141  -1  -1  -1  -1  -1  -1  -1  -1  -1
PatternADC: 22516  -1  -1  142  -1  -1  -1  143  -1  -1  -1  -1  -1  -1  -1  -1  -1
PatternADC: 22519  -1  -1  144  -1  -1  -1  145  -1  -1  -1  -1  -1  -1  -1  -1  -1
PatternADC: 22520  -1  -1  146  -1  -1  -1  147  -1  -1  -1  -1  -1  -1  -1  -1  -1
PatternADC: 22523  -1  -1  148  -1  -1  -1  149  -1  -1  -1  -1  -1  -1  -1  -1  -1
PatternADC: 22524  -1  -1  150  -1  -1  -1  151  -1  -1  -1  -1  -1  -1  -1  -1  -1
PatternADC: 22527  -1  -1  152  -1  -1  -1  153  -1  -1  -1  -1  -1  -1  -1  -1  -1
PatternADC: 22528  -1  -1  154  -1  -1  -1  155  -1  -1  -1  -1  -1  -1  -1  -1  -1
PatternADC: 22531  -1  -1  156  -1  -1  -1  157  -1  -1  -1  -1  -1  -1  -1  -1  -1
PatternADC: 22532  -1  -1  158  -1  -1  -1  159  -1  -1  -1  -1  -1  -1  -1  -1  -1
PatternADC: 22535  -1  -1  160  -1  -1  -1  161  -1  -1  -1  -1  -1  -1  -1  -1  -1
PatternADC: 22536  -1  -1  162  -1  -1  -1  163  -1  -1  -1  -1  -1  -1  -1  -1  -1
PatternADC: 22539  -1  -1  164  -1  -1  -1  165  -1  -1  -1  -1  -1  -1  -1  -1  -1
PatternADC: 22540  -1  -1  166  -1  -1  -1  167  -1  -1  -1  -1  -1  -1  -1  -1  -1
PatternADC: 22543  -1  -1  168  -1  -1  -1  169  -1  -1  -1  -1  -1  -1  -1  -1  -1
PatternADC: 22544  -1  -1  170  -1  -1  -1  171  -1  -1  -1  -1  -1  -1  -1  -1  -1
PatternADC: 22547  -1  -1  172  -1  -1  -1  173  -1  -1  -1  -1  -1  -1  -1  -1  -1
PatternADC: 22548  -1  -1  174  -1  -1  -1  175  -1  -1  -1  -1  -1  -1  -1  -1  -1
PatternADC: 22551  -1  -1  176  -1  -1  -1  177  -1  -1  -1  -1  -1  -1  -1  -1  -1
PatternADC: 22552  -1  -1  178  -1  -1  -1  179  -1  -1  -1  -1  -1  -1  -1  -1  -1
PatternADC: 22555  -1  -1  180  -1  -1  -1  181  -1  -1  -1  -1  -1  -1  -1  -1  -1
PatternADC: 22556  -1  -1  182  -1  -1  -1  183  -1  -1  -1  -1  -1  -1  -1  -1  -1
PatternADC: 22559  -1  -1  184  -1  -1  -1  185  -1  -1  -1  -1  -1  -1  -1  -1  -1
PatternADC: 22560  -1  -1  186  -1  -1  -1  187  -1  -1  -1  -1  -1  -1  -1  -1  -1
PatternADC: 22563  -1  -1  188  -1  -1  -1  189  -1  -1  -1  -1  -1  -1  -1  -1  -1
PatternADC: 22564  -1  -1  190  -1  -1  -1  191  -1  -1  -1  -1  -1  -1  -1  -1  -1
## Block D                                  
PatternADC: 23503  -1  -1  192  -1  -1  -1  193  -1  -1  -1  -1  -1  -1  -1  -1  -1
PatternADC: 23504  -1  -1  194  -1  -1  -1  195  -1  -1  -1  -1  -1  -1  -1  -1  -1
PatternADC: 23507  -1  -1  196  -1  -1  -1  197  -1  -1  -1  -1  -1  -1  -1  -1  -1
PatternADC: 23508  -1  -1  198  -1  -1  -1  199  -1  -1  -1  -1  -1  -1  -1  -1  -1
PatternADC: 23511  -1  -1  200  -1  -1  -1  201  -1  -1  -1  -1  -1  -1  -1  -1  -1
PatternADC: 23512  -1  -1  202  -1  -1  -1  203  -1  -1  -1  -1  -1  -1  -1  -1  -1
PatternADC: 23515  -1  -1  204  -1  -1  -1  205  -1  -1  -1  -1  -1  -1  -1  -1  -1
PatternADC: 23516  -1  -1  206  -1  -1  -1  207  -1  -1  -1  -1  -1  -1  -1  -1  -1
PatternADC: 23519  -1  -1  208  -1  -1  -1  209  -1  -1  -1  -1  -1  -1  -1  -1  -1
PatternADC: 23520  -1  -1  210  -1  -1  -1  211  -1  -1  -1  -1  -1  -1  -1  -1  -1
PatternADC: 23523  -1  -1  212  -1  -1  -1  213  -1  -1  -1  -1  -1  -1  -1  -1  -1
PatternADC: 23524  -1  -1  214  -1  -1  -1  215  -1  -1  -1  -1  -1  -1  -1  -1  -1
PatternADC: 23527  -1  -1  216  -1  -1  -1  217  -1  -1  -1  -1  -1  -1  -1  -1  -1
PatternADC: 23528  -1  -1  218  -1  -1  -1  219  -1  -1  -1  -1  -1  -1  -1  -1  -1
PatternADC: 23531  -1  -1  220  -1  -1  -1  221  -1  -1  -1  -1  -1  -1  -1  -1  -1
PatternADC: 23532  -1  -1  222  -1  -1  -1  223  -1  -1  -1  -1  -1  -1  -1  -1  -1
PatternADC: 23535  -1  -1  224  -1  -1  -1  225  -1  -1  -1  -1  -1  -1  -1  -1  -1
PatternADC: 23536  -1  -1  226  -1  -1  -1  227  -1  -1  -1  -1  -1  -1  -1  -1  -1
PatternADC: 23539  -1  -1  228  -1  -1  -1  229  -1  -1  -1  -1  -1  -1  -1  -1  -1
PatternADC: 23540  -1  -1  230  -1  -1  -1  231  -1  -1  -1  -1  -1  -1  -1  -1  -1
PatternADC: 23543  -1  -1  232  -1  -1  -1  233  -1  -1  -1  -1  -1  -1  -1  -1  -1
PatternADC: 23544  -1  -1  234  -1  -1  -1  235  -1  -1  -1  -1  -1  -1  -1  -1  -1
PatternADC: 23547  -1  -1  236  -1  -1  -1  237  -1  -1  -1  -1  -1  -1  -1  -1  -1
PatternADC: 23548  -1  -1  238  -1  -1  -1  239  -1  -1  -1  -1  -1  -1  -1  -1  -1
PatternADC: 23551  -1  -1  240  -1  -1  -1  241  -1  -1  -1  -1  -1  -1  -1  -1  -1
PatternADC: 23552  -1  -1  242  -1  -1  -1  243  -1  -1  -1  -1  -1  -1  -1  -1  -1
PatternADC: 23555  -1  -1  244  -1  -1  -1  245  -1  -1  -1  -1  -1  -1  -1  -1  -1
PatternADC: 23556  -1  -1  246  -1  -1  -1  247  -1  -1  -1  -1  -1  -1  -1  -1  -1
PatternADC: 23559  -1  -1  248  -1  -1  -1  249  -1  -1  -1  -1  -1  -1  -1  -1  -1
PatternADC: 23560  -1  -1  250  -1  -1  -1  251  -1  -1  -1  -1  -1  -1  -1  -1  -1
PatternADC: 23563  -1  -1  252  -1  -1  -1  253  -1  -1  -1  -1  -1  -1  -1  -1  -1
PatternADC: 23564  -1  -1  254  -1  -1  -1  255  -1  -1  -1  -1  -1  -1  -1  -1  -1
## Block E                                  
PatternADC: 24503  -1  -1  256  -1  -1  -1  257  -1  -1  -1  -1  -1  -1  -1  -1  -1
PatternADC: 24504  -1  -1  258  -1  -1  -1  259  -1  -1  -1  -1  -1  -1  -1  -1  -1
PatternADC: 24507  -1  -1  260  -1  -1  -1  261  -1  -1  -1  -1  -1  -1  -1  -1  -1
PatternADC: 24508  -1  -1  262  -1  -1  -1  263  -1  -1  -1  -1  -1  -1  -1  -1  -1
PatternADC: 24511  -1  -1  264  -1  -1  -1  265  -1  -1  -1  -1  -1  -1  -1  -1  -1
PatternADC: 24512  -1  -1  266  -1  -1  -1  267  -1  -1  -1  -1  -1  -1  -1  -1  -1
PatternADC: 24515  -1  -1  268  -1  -1  -1  269  -1  -1  -1  -1  -1  -1  -1  -1  -1
PatternADC: 24516  -1  -1  270  -1  -1  -1  271  -1  -1  -1  -1  -1  -1  -1  -1  -1
PatternADC: 24519  -1  -1  272  -1  -1  -1  273  -1  -1  -1  -1  -1  -1  -1  -1  -1
PatternADC: 24520  -1  -1  274  -1  -1  -1  275  -1  -1  -1  -1  -1  -1  -1  -1  -1
PatternADC: 24523  -1  -1  276  -1  -1  -1  277  -1  -1  -1  -1  -1  -1  -1  -1  -1
PatternADC: 24524  -1  -1  278  -1  -1  -1  279  -1  -1  -1  -1  -1  -1  -1  -1  -1
PatternADC: 24527  -1  -1  280  -1  -1  -1  281  -1  -1  -1  -1  -1  -1  -1  -1  -1
PatternADC: 24528  -1  -1  282  -1  -1  -1  283  -1  -1  -1  -1  -1  -1  -1  -1  -1
PatternADC: 24531  -1  -1  284  -1  -1  -1  285  -1  -1  -1  -1  -1  -1  -1  -1  -1
PatternADC: 24532  -1  -1  286  -1  -1  -1  287  -1  -1  -1  -1  -1  -1  -1  -1  -1
PatternADC: 24535  -1  -1  288  -1  -1  -1  289  -1  -1  -1  -1  -1  -1  -1  -1  -1
PatternADC: 24536  -1  -1  290  -1  -1  -1  291  -1  -1  -1  -1  -1  -1  -1  -1  -1
PatternADC: 24539  -1  -1  292  -1  -1  -1  293  -1  -1  -1  -1  -1  -1  -1  -1  -1
PatternADC: 24540  -1  -1  294  -1  -1  -1  295  -1  -1  -1  -1  -1  -1  -1  -1  -1
PatternADC: 24543  -1  -1  296  -1  -1  -1  297  -1  -1  -1  -1  -1  -1  -1  -1  -1
PatternADC: 24544  -1  -1  298  -1  -1  -1  299  -1  -1  -1  -1  -1  -1  -1  -1  -1
PatternADC: 24547  -1  -1  300  -1  -1  -1  301  -1  -1  -1  -1  -1  -1  -1  -1  -1
PatternADC: 24548  -1  -1  302  -1  -1  -1  303  -1  -1  -1  -1  -1  -1  -1  -1  -1
PatternADC: 24551  -1  -1  304  -1  -1  -1  305  -1  -1  -1  -1  -1  -1  -1  -1  -1
PatternADC: 24552  -1  -1  306  -1  -1  -1  307  -1  -1  -1  -1  -1  -1  -1  -1  -1
PatternADC: 24555  -1  -1  308  -1  -1  -1  309  -1  -1  -1  -1  -1  -1  -1  -1  -1
PatternADC: 24556  -1  -1  310  -1  -1  -1  311  -1  -1  -1  -1  -1  -1  -1  -1  -1
PatternADC: 24559  -1  -1  312  -1  -1  -1  313  -1  -1  -1  -1  -1  -1  -1  -1  -1
PatternADC: 24560  -1  -1  314  -1  -1  -1  315  -1  -1  -1  -1  -1  -1  -1  -1  -1
PatternADC: 24563  -1  -1  316  -1  -1  -1  317  -1  -1  -1  -1  -1  -1  -1  -1  -1
PatternADC: 24564  -1  -1  318  -1  -1  -1  319  -1  -1  -1  -1  -1  -1  -1  -1  -1
## Block F                                  
PatternADC: 25503  -1  -1  320  -1  -1  -1  321  -1  -1  -1  -1  -1  -1  -1  -1  -1
PatternADC: 25504  -1  -1  322  -1  -1  -1  323  -1  -1  -1  -1  -1  -1  -1  -1  -1
PatternADC: 25507  -1  -1  324  -1  -1  -1  325  -1  -1  -1  -1  -1  -1  -1  -1  -1
PatternADC: 25508  -1  -1  326  -1  -1  -1  327  -1  -1  -1  -1  -1  -1  -1  -1  -1
PatternADC: 25511  -1  -1  328  -1  -1  -1  329  -1  -1  -1  -1  -1  -1  -1  -1  -1
PatternADC: 25512  -1  -1  330  -1  -1  -1  331  -1  -1  -1  -1  -1  -1  -1  -1  -1
PatternADC: 25515  -1  -1  332  -1  -1  -1  333  -1  -1  -1  -1  -1  -1  -1  -1  -1
PatternADC: 25516  -1  -1  334  -1  -1  -1  335  -1  -1  -1  -1  -1  -1  -1  -1  -1
PatternADC: 25519  -1  -1  336  -1  -1  -1  337  -1  -1  -1  -1  -1  -1  -1  -1  -1
PatternADC: 25520  -1  -1  338  -1  -1  -1  339  -1  -1  -1  -1  -1  -1  -1  -1  -1
PatternADC: 25523  -1  -1  340  -1  -1  -1  341  -1  -1  -1  -1  -1  -1  -1  -1  -1
PatternADC: 25524  -1  -1  342  -1  -1  -1  343  -1  -1  -1  -1  -1  -1  -1  -1  -1
PatternADC: 25527  -1  -1  344  -1  -1  -1  345  -1  -1  -1  -1  -1  -1  -1  -1  -1
PatternADC: 25528  -1  -1  346  -1  -1  -1  347  -1  -1  -1  -1  -1  -1  -1  -1  -1
PatternADC: 25531  -1  -1  348  -1  -1  -1  349  -1  -1  -1  -1  -1  -1  -1  -1  -1
PatternADC: 25532  -1  -1  350  -1  -1  -1  351  -1  -1  -1  -1  -1  -1  -1  -1  -1
PatternADC: 25535  -1  -1  352  -1  -1  -1  353  -1  -1  -1  -1  -1  -1  -1  -1  -1
PatternADC: 25536  -1  -1  354  -1  -1  -1  355  -1  -1  -1  -1  -1  -1  -1  -1  -1
PatternADC: 25539  -1  -1  356  -1  -1  -1  357  -1  -1  -1  -1  -1  -1  -1  -1  -1
PatternADC: 25540  -1  -1  358  -1  -1  -1  359  -1  -1  -1  -1  -1  -1  -1  -1  -1
PatternADC: 25543  -1  -1  360  -1  -1  -1  361  -1  -1  -1  -1  -1  -1  -1  -1  -1
PatternADC: 25544  -1  -1  362  -1  -1  -1  363  -1  -1  -1  -1  -1  -1  -1  -1  -1
PatternADC: 25547  -1  -1  364  -1  -1  -1  365  -1  -1  -1  -1  -1  -1  -1  -1  -1
PatternADC: 25548  -1  -1  366  -1  -1  -1  367  -1  -1  -1  -1  -1  -1  -1  -1  -1
PatternADC: 25551  -1  -1  368  -1  -1  -1  369  -1  -1  -1  -1  -1  -1  -1  -1  -1
PatternADC: 25552  -1  -1  370  -1  -1  -1  371  -1  -1  -1  -1  -1  -1  -1  -1  -1
PatternADC: 25555  -1  -1  372  -1  -1  -1  373  -1  -1  -1  -1  -1  -1  -1  -1  -1
PatternADC: 25556  -1  -1  374  -1  -1  -1  375  -1  -1  -1  -1  -1  -1  -1  -1  -1
PatternADC: 25559  -1  -1  376  -1  -1  -1  377  -1  -1  -1  -1  -1  -1  -1  -1  -1
PatternADC: 25560  -1  -1  378  -1  -1  -1  379  -1  -1  -1  -1  -1  -1  -1  -1  -1
PatternADC: 25563  -1  -1  380  -1  -1  -1  381  -1  -1  -1  -1  -1  -1  -1  -1  -1
PatternADC: 25564  -1  -1  382  -1  -1  -1  383  -1  -1  -1  -1  -1  -1  -1  -1  -1
##
###
##	End
